22,31,48,255
34,44,58,255
51,61,84,255
59,69,108,255
55,63,116,255
55,66,110,255
81,100,111,255
114,137,121,255
125,125,135,255
123,128,144,255
90,99,126,255
71,83,117,255
42,57,92,255
22,33,64,255
44,53,74,255
47,55,70,255
29,46,86,255
61,80,109,255
84,103,123,255
74,94,107,255
47,64,85,255
35,46,86,255
39,47,108,255
47,53,129,255
48,61,143,255
49,63,137,255
59,77,129,255
80,103,122,255
98,125,118,255
99,126,123,255
82,103,134,255
64,80,141,255
70,96,133,255
42,63,134,255
49,63,166,255
64,76,174,255
57,73,134,255
71,91,116,255
90,111,128,255
81,99,123,255
82,102,125,255
97,116,145,255
86,103,141,255
65,81,128,255
63,78,131,255
59,74,127,255
51,66,119,255
54,69,120,255
48,54,126,255
48,51,114,255
50,50,98,255
51,49,85,255
49,47,82,255
48,49,89,255
55,61,109,255
64,73,128,255
71,89,125,255
45,62,100,255
46,63,103,255
47,63,108,255
34,50,98,255
53,68,119,255
78,93,148,255
70,85,140,255
71,95,137,255
56,80,122,255
54,75,118,255
69,89,130,255
85,102,144,255
91,104,148,255
92,105,149,255
98,109,153,255
90,108,158,255
80,98,146,255
68,91,136,255
66,91,133,255
72,97,141,255
76,99,145,255
76,94,144,255
71,89,141,255
66,94,128,255
51,72,105,255
76,84,108,255
165,162,157,255
30,38,63,255
44,52,76,255
50,59,86,255
45,55,95,255
52,61,114,255
77,90,134,255
104,123,134,255
115,140,122,255
130,138,83,255
135,145,104,255
116,131,114,255
114,131,137,255
85,101,128,255
39,53,91,255
31,42,84,255
20,27,70,255
26,43,73,255
65,84,105,255
101,121,132,255
101,122,127,255
75,94,104,255
46,62,87,255
26,39,83,255
19,28,83,255
46,57,124,255
60,73,130,255
83,99,136,255
106,127,132,255
120,146,123,255
121,146,126,255
114,135,144,255
106,122,159,255
78,93,134,255
57,71,119,255
53,66,120,255
59,74,129,255
59,75,123,255
68,85,125,255
81,100,129,255
82,102,125,255
79,98,126,255
88,106,140,255
74,90,135,255
58,73,124,255
63,77,134,255
61,75,132,255
50,65,120,255
49,64,117,255
38,57,125,255
42,59,117,255
48,63,106,255
52,64,98,255
53,65,99,255
53,68,111,255
58,75,131,255
63,83,147,255
68,85,127,255
56,73,115,255
56,72,117,255
59,75,122,255
57,73,120,255
66,82,130,255
73,88,139,255
66,81,132,255
64,83,127,255
59,78,122,255
64,83,127,255
79,95,140,255
85,102,144,255
76,93,135,255
67,82,125,255
65,80,123,255
65,84,130,255
65,86,127,255
70,92,128,255
75,100,132,255
81,107,136,255
80,103,135,255
70,92,128,255
62,82,121,255
65,92,133,255
50,69,113,255
75,82,115,255
161,156,164,255
36,44,81,255
48,56,89,255
42,53,85,255
29,40,82,255
49,61,113,255
97,111,152,255
122,142,153,255
117,142,125,255
159,171,57,255
152,167,74,255
127,147,88,255
128,149,132,255
97,117,138,255
44,59,110,255
32,45,112,255
23,33,108,255
32,48,73,255
70,88,106,255
108,127,137,255
115,135,140,255
95,114,122,255
64,82,100,255
33,51,79,255
13,29,66,255
28,40,90,255
53,66,112,255
85,101,128,255
105,126,123,255
109,134,104,255
105,131,98,255
102,124,113,255
103,121,135,255
84,87,132,255
86,95,106,255
78,95,77,255
75,92,88,255
77,92,127,255
66,80,139,255
58,76,124,255
69,93,117,255
73,90,128,255
78,95,137,255
62,77,128,255
51,65,124,255
63,76,140,255
63,76,140,255
51,65,124,255
50,64,121,255
57,89,140,255
64,93,136,255
70,96,125,255
70,94,116,255
65,89,115,255
59,83,123,255
52,79,136,255
47,76,146,255
66,81,134,255
68,83,134,255
61,76,127,255
63,79,127,255
77,93,140,255
74,90,137,255
61,77,122,255
59,75,120,255
72,85,131,255
67,82,127,255
70,85,130,255
78,94,139,255
79,99,140,255
73,93,134,255
64,85,126,255
62,84,122,255
85,108,140,255
93,115,142,255
103,126,145,255
111,135,147,255
113,138,146,255
106,131,139,255
96,120,132,255
87,112,128,255
86,111,153,255
70,86,133,255
87,91,132,255
163,157,173,255
39,47,97,255
41,51,91,255
33,45,83,255
29,39,86,255
52,64,118,255
95,110,155,255
118,139,154,255
118,143,133,255
162,173,67,255
152,165,81,255
124,143,93,255
123,145,138,255
90,111,142,255
37,55,115,255
37,52,129,255
40,52,138,255
33,46,77,255
57,70,100,255
78,94,121,255
83,99,124,255
74,92,118,255
62,79,109,255
47,65,99,255
36,54,90,255
37,47,97,255
63,73,123,255
96,108,146,255
116,132,144,255
117,137,122,255
111,132,111,255
109,128,123,255
110,125,140,255
96,87,138,255
124,128,115,255
125,142,76,255
116,136,89,255
109,123,148,255
72,82,157,255
45,61,126,255
61,87,116,255
57,73,120,255
63,78,129,255
50,64,123,255
42,55,121,255
51,64,131,255
51,64,131,255
46,59,123,255
53,67,128,255
90,118,143,255
99,124,140,255
106,129,131,255
103,124,119,255
94,114,117,255
83,103,126,255
68,88,135,255
54,76,139,255
68,82,141,255
77,91,150,255
58,73,128,255
53,68,119,255
76,92,140,255
69,85,130,255
47,64,106,255
53,70,110,255
91,101,151,255
74,87,135,255
61,74,120,255
62,79,119,255
76,96,133,255
91,114,146,255
99,125,154,255
103,129,156,255
131,155,169,255
137,160,166,255
143,164,159,255
145,165,150,255
140,161,140,255
132,156,136,255
126,152,137,255
122,150,141,255
109,133,155,255
92,108,137,255
104,108,134,255
170,165,173,255
46,55,110,255
37,48,92,255
31,45,84,255
41,54,100,255
59,72,128,255
79,94,145,255
99,121,146,255
115,141,142,255
133,139,99,255
135,145,120,255
121,134,136,255
123,141,169,255
88,108,157,255
36,53,118,255
36,51,122,255
40,52,126,255
26,33,76,255
35,44,89,255
42,52,102,255
40,52,106,255
40,53,110,255
46,60,117,255
48,65,120,255
46,66,117,255
37,48,108,255
56,66,133,255
82,92,155,255
101,114,158,255
106,123,144,255
104,123,133,255
99,116,138,255
97,111,150,255
97,88,143,255
134,138,127,255
142,159,93,255
129,149,102,255
110,123,151,255
68,77,156,255
47,61,135,255
71,95,135,255
44,59,112,255
53,67,124,255
45,58,122,255
36,49,116,255
40,52,122,255
37,50,117,255
43,56,120,255
65,79,138,255
107,123,124,255
121,135,124,255
132,142,117,255
132,139,107,255
129,135,111,255
121,127,127,255
103,111,138,255
85,94,139,255
74,88,149,255
79,93,154,255
53,67,124,255
42,57,110,255
62,77,128,255
59,75,122,255
45,61,106,255
58,75,117,255
94,107,161,255
72,86,137,255
51,66,111,255
54,72,108,255
82,104,131,255
115,138,157,255
133,157,169,255
134,161,168,255
146,169,155,255
153,173,152,255
162,175,143,255
164,175,131,255
159,170,123,255
150,165,122,255
140,162,127,255
136,161,133,255
124,152,141,255
108,126,126,255
117,123,127,255
181,176,166,255
60,69,124,255
44,57,101,255
40,54,92,255
50,65,110,255
59,73,132,255
64,81,139,255
80,102,140,255
101,126,145,255
117,123,149,255
122,130,165,255
99,112,160,255
89,105,166,255
62,79,145,255
31,47,112,255
47,59,119,255
52,61,116,255
25,31,71,255
35,39,88,255
38,45,104,255
34,43,114,255
35,45,121,255
41,55,130,255
47,63,134,255
46,66,131,255
40,53,117,255
48,60,134,255
59,69,152,255
67,79,149,255
67,82,133,255
60,77,119,255
50,65,118,255
44,57,123,255
72,73,131,255
95,102,122,255
102,118,103,255
90,107,102,255
66,80,118,255
42,54,126,255
45,60,131,255
73,92,147,255
54,69,122,255
62,76,133,255
54,67,131,255
44,57,124,255
45,58,125,255
43,56,120,255
57,71,128,255
89,104,157,255
124,133,128,255
138,145,126,255
146,150,113,255
141,145,96,255
137,140,99,255
134,135,118,255
114,116,129,255
91,94,127,255
72,86,143,255
69,83,140,255
52,66,123,255
42,57,112,255
51,66,119,255
55,70,121,255
58,73,124,255
69,85,133,255
78,99,158,255
69,88,142,255
59,80,121,255
69,91,118,255
102,124,134,255
132,155,151,255
141,164,150,255
136,157,138,255
155,172,131,255
165,177,127,255
179,183,121,255
188,187,117,255
188,187,117,255
178,182,120,255
162,173,126,255
151,168,128,255
154,181,150,255
135,154,136,255
135,143,132,255
188,185,164,255
68,80,132,255
59,73,112,255
45,61,96,255
38,54,99,255
43,59,122,255
57,74,140,255
66,88,141,255
71,96,131,255
91,105,154,255
95,109,166,255
62,79,144,255
47,66,138,255
41,56,127,255
41,51,116,255
64,69,123,255
57,60,107,255
30,38,55,255
43,49,79,255
50,56,106,255
47,54,123,255
42,53,131,255
44,59,136,255
46,65,135,255
46,68,131,255
55,79,127,255
59,81,145,255
62,81,161,255
59,78,156,255
51,73,136,255
42,65,121,255
35,57,121,255
32,51,129,255
54,66,126,255
49,61,121,255
56,69,125,255
54,69,122,255
33,48,101,255
29,43,100,255
46,59,125,255
58,70,142,255
66,81,132,255
65,80,135,255
51,65,124,255
43,56,120,255
48,62,123,255
49,63,120,255
66,81,132,255
99,115,162,255
121,136,143,255
133,148,139,255
137,150,118,255
129,140,93,255
124,134,93,255
121,132,114,255
101,113,125,255
76,87,121,255
53,68,119,255
46,61,112,255
50,65,118,255
51,66,121,255
45,59,116,255
56,70,127,255
73,87,146,255
75,89,148,255
66,96,158,255
75,104,158,255
86,113,152,255
101,126,145,255
124,147,143,255
145,165,142,255
148,166,128,255
140,155,110,255
176,189,123,255
180,186,112,255
188,184,99,255
198,185,95,255
202,188,103,255
193,187,115,255
178,181,126,255
165,174,131,255
169,195,162,255
149,165,150,255
143,147,144,255
186,182,169,255
71,84,132,255
68,84,121,255
46,65,96,255
20,36,81,255
26,42,107,255
54,70,143,255
60,81,142,255
45,68,116,255
41,62,107,255
56,78,129,255
40,62,123,255
42,63,130,255
54,69,138,255
61,69,132,255
66,67,123,255
35,31,80,255
28,37,32,255
40,49,60,255
48,56,91,255
43,51,110,255
37,49,119,255
39,55,126,255
43,65,126,255
44,69,122,255
35,66,98,255
43,71,123,255
50,75,146,255
49,73,147,255
42,68,131,255
40,67,126,255
44,69,137,255
50,73,153,255
55,77,138,255
33,51,137,255
44,57,163,255
55,68,161,255
36,52,115,255
40,56,103,255
54,68,129,255
45,54,135,255
61,76,127,255
52,67,120,255
31,45,102,255
25,39,100,255
36,50,109,255
41,56,109,255
56,72,119,255
88,105,147,255
94,121,142,255
108,134,137,255
112,138,115,255
107,131,91,255
108,132,96,255
112,136,122,255
98,121,140,255
74,98,138,255
32,48,95,255
24,40,87,255
47,62,113,255
58,73,128,255
43,57,114,255
56,70,131,255
80,93,159,255
74,87,153,255
67,103,167,255
89,124,178,255
111,143,180,255
126,152,165,255
139,161,150,255
156,174,140,255
160,175,124,255
156,168,106,255
190,199,118,255
184,185,97,255
177,167,68,255
179,159,58,255
183,162,69,255
181,167,90,255
172,167,111,255
162,165,122,255
153,175,151,255
134,147,141,255
131,134,141,255
178,171,174,255
89,118,135,255
71,99,124,255
42,68,105,255
24,48,98,255
32,55,113,255
54,77,135,255
62,85,141,255
56,79,133,255
64,75,169,255
54,72,150,255
54,78,138,255
49,76,135,255
39,62,128,255
47,64,129,255
51,66,111,255
36,48,76,255
31,37,49,255
65,72,94,255
82,94,120,255
83,101,119,255
84,103,113,255
68,86,104,255
51,64,110,255
54,61,130,255
27,47,120,255
34,55,126,255
41,62,129,255
44,66,127,255
50,73,127,255
54,78,128,255
48,73,118,255
37,62,106,255
11,51,72,255
24,57,86,255
28,49,90,255
35,48,96,255
55,63,113,255
55,66,108,255
44,63,92,255
49,73,95,255
64,70,116,255
56,65,110,255
49,57,107,255
43,53,103,255
43,55,109,255
46,59,116,255
50,64,123,255
54,68,129,255
67,89,125,255
95,118,150,255
101,124,154,255
92,115,143,255
91,113,148,255
78,98,145,255
58,76,136,255
54,71,137,255
44,65,106,255
22,45,90,255
37,61,111,255
50,73,127,255
32,53,110,255
41,60,115,255
71,86,137,255
76,90,138,255
91,112,179,255
95,119,171,255
104,132,158,255
118,146,145,255
134,160,137,255
155,171,136,255
175,181,139,255
186,187,144,255
191,177,77,255
179,168,64,255
170,164,56,255
175,175,67,255
187,192,96,255
190,198,124,255
181,189,136,255
168,176,139,255
159,170,149,255
151,159,150,255
149,152,155,255
157,157,153,255
103,133,147,255
86,114,137,255
59,85,122,255
41,65,115,255
46,68,129,255
60,82,145,255
62,84,147,255
53,75,138,255
56,67,160,255
46,64,140,255
48,72,132,255
43,70,129,255
34,57,123,255
43,60,125,255
48,63,108,255
33,45,71,255
26,38,36,255
78,89,86,255
114,122,111,255
125,133,106,255
124,136,102,255
99,112,98,255
57,70,100,255
34,46,110,255
35,55,130,255
46,67,138,255
53,74,141,255
51,73,136,255
51,74,130,255
57,81,131,255
61,86,131,255
60,85,129,255
73,104,146,255
82,107,151,255
75,91,136,255
71,80,125,255
79,86,129,255
74,84,124,255
68,82,121,255
77,95,131,255
75,85,124,255
68,78,118,255
60,71,113,255
58,71,117,255
60,74,123,255
56,69,123,255
44,59,114,255
32,49,105,255
45,66,107,255
66,88,126,255
69,92,124,255
67,90,122,255
77,99,134,255
71,92,135,255
50,69,123,255
42,60,120,255
52,74,125,255
41,64,118,255
48,71,129,255
53,75,138,255
41,63,127,255
41,61,126,255
58,75,141,255
68,84,149,255
83,100,166,255
88,110,161,255
100,126,152,255
120,147,144,255
143,165,138,255
164,179,134,255
180,185,133,255
188,187,131,255
194,172,74,255
188,170,72,255
185,170,75,255
185,177,90,255
188,187,111,255
185,188,129,255
176,181,136,255
166,174,137,255
173,181,152,255
163,169,155,255
160,160,156,255
163,161,152,255
104,132,147,255
88,115,138,255
66,91,126,255
51,73,124,255
53,74,135,255
60,79,149,255
57,76,148,255
48,66,140,255
59,71,157,255
50,69,139,255
52,76,134,255
48,74,136,255
40,63,131,255
49,66,132,255
53,68,113,255
39,51,75,255
54,74,61,255
112,124,98,255
148,149,96,255
152,147,67,255
156,154,68,255
138,144,96,255
91,105,120,255
54,71,137,255
37,57,130,255
49,70,141,255
56,77,144,255
50,72,135,255
46,69,125,255
55,79,129,255
68,93,138,255
75,100,144,255
76,94,154,255
91,106,159,255
90,101,141,255
87,96,127,255
93,101,128,255
89,98,129,255
86,96,136,255
97,110,156,255
96,107,139,255
83,95,129,255
71,83,119,255
68,82,121,255
71,86,129,255
67,83,130,255
51,69,117,255
38,56,106,255
45,65,112,255
55,76,119,255
50,72,110,255
51,73,109,255
69,91,127,255
70,91,132,255
54,75,120,255
48,68,117,255
60,85,140,255
67,90,148,255
62,85,143,255
60,82,145,255
61,82,149,255
52,73,144,255
51,71,146,255
66,87,164,255
81,97,162,255
88,106,156,255
104,126,151,255
128,151,145,255
155,174,141,255
173,186,131,255
182,187,119,255
184,182,109,255
196,166,56,255
196,169,68,255
198,174,88,255
199,180,110,255
196,185,128,255
189,185,134,255
178,182,135,255
173,179,131,255
168,174,136,255
162,165,142,255
164,162,149,255
174,169,149,255
101,126,142,255
86,110,132,255
67,90,122,255
56,76,123,255
57,75,135,255
61,77,148,255
59,74,151,255
52,67,148,255
64,78,153,255
55,75,139,255
58,83,138,255
54,80,142,255
45,67,138,255
53,70,136,255
56,71,114,255
40,53,75,255
51,74,68,255
113,123,98,255
147,144,81,255
147,135,37,255
155,145,44,255
148,147,91,255
100,110,131,255
53,72,152,255
42,63,134,255
52,73,142,255
57,79,142,255
53,76,134,255
53,77,129,255
63,88,133,255
74,99,141,255
80,106,145,255
84,93,148,255
107,117,157,255
119,129,150,255
122,135,140,255
131,143,145,255
124,134,147,255
118,127,154,255
130,137,177,255
138,152,177,255
121,137,164,255
103,119,148,255
94,111,143,255
95,113,149,255
99,119,158,255
101,122,163,255
100,121,164,255
71,91,140,255
73,93,140,255
56,77,122,255
46,67,108,255
58,80,118,255
61,83,121,255
58,80,118,255
67,89,127,255
69,96,135,255
89,115,152,255
83,105,141,255
77,99,135,255
90,111,154,255
74,97,151,255
58,84,149,255
73,102,174,255
88,101,165,255
96,111,162,255
112,132,157,255
137,158,153,255
163,181,147,255
177,189,129,255
180,185,107,255
179,177,91,255
194,163,35,255
196,164,49,255
196,169,74,255
201,179,105,255
204,188,125,255
199,191,130,255
188,189,120,255
179,183,110,255
155,160,115,255
153,156,125,255
161,158,139,255
176,172,146,255
110,133,153,255
94,116,141,255
76,97,128,255
67,87,126,255
66,84,134,255
64,80,143,255
61,75,149,255
58,72,149,255
62,77,144,255
53,74,131,255
56,81,134,255
52,78,141,255
42,64,138,255
47,64,132,255
49,64,107,255
33,46,66,255
40,60,75,255
108,116,115,255
149,144,111,255
152,142,77,255
162,153,84,255
147,148,118,255
91,103,141,255
41,58,152,255
57,79,142,255
63,85,146,255
67,90,146,255
68,92,142,255
74,99,143,255
84,110,147,255
86,113,146,255
82,109,140,255
110,118,143,255
130,140,154,255
133,147,146,255
129,148,133,255
131,150,135,255
121,138,134,255
114,128,140,255
128,138,161,255
129,146,168,255
120,138,162,255
109,127,153,255
97,116,145,255
91,112,145,255
96,118,154,255
105,129,167,255
115,139,179,255
96,117,162,255
96,117,162,255
73,94,139,255
48,69,114,255
41,62,105,255
39,60,101,255
52,74,110,255
80,102,137,255
89,118,128,255
114,139,145,255
110,132,131,255
103,124,123,255
115,136,143,255
97,121,145,255
70,101,143,255
77,112,164,255
87,103,166,255
95,113,165,255
112,133,164,255
137,159,161,255
162,180,154,255
177,190,135,255
181,187,111,255
181,181,95,255
195,169,32,255
188,162,35,255
183,161,48,255
189,171,73,255
199,186,94,255
198,190,101,255
185,183,87,255
171,171,73,255
161,168,122,255
157,162,130,255
162,162,142,255
174,172,145,255
114,136,161,255
99,121,146,255
84,106,133,255
78,99,130,255
72,92,129,255
61,79,127,255
52,69,127,255
49,65,130,255
60,77,135,255
52,74,125,255
56,81,133,255
52,78,141,255
43,64,141,255
48,64,135,255
49,64,107,255
33,46,64,255
47,60,90,255
94,103,130,255
112,118,132,255
105,110,104,255
109,118,103,255
104,117,122,255
75,89,140,255
50,63,153,255
66,90,140,255
71,95,143,255
75,100,144,255
77,103,142,255
85,112,145,255
92,120,146,255
89,117,140,255
80,109,129,255
119,127,125,255
123,136,132,255
107,126,120,255
90,113,109,255
91,115,115,255
87,110,114,255
90,109,120,255
109,124,139,255
89,107,131,255
93,113,138,255
98,117,145,255
92,113,144,255
83,105,140,255
76,100,138,255
77,103,142,255
80,105,147,255
108,130,165,255
114,136,174,255
95,116,159,255
67,87,134,255
46,66,113,255
34,55,100,255
50,71,112,255
88,110,146,255
115,141,128,255
134,155,136,255
139,156,126,255
136,149,118,255
134,150,128,255
115,137,139,255
87,116,142,255
74,109,151,255
74,94,158,255
83,106,160,255
101,127,164,255
123,148,164,255
145,168,154,255
164,181,141,255
181,189,126,255
188,192,117,255
196,182,63,255
183,169,50,255
171,159,37,255
174,163,43,255
184,175,58,255
187,177,66,255
174,165,60,255
160,150,48,255
165,178,138,255
161,169,144,255
162,167,151,255
172,174,151,255
111,130,161,255
100,119,147,255
94,114,137,255
95,115,136,255
88,108,133,255
69,87,121,255
53,70,112,255
47,63,111,255
53,71,123,255
46,69,115,255
52,78,127,255
51,77,142,255
43,64,143,255
51,67,138,255
53,68,109,255
36,50,65,255
41,49,76,255
62,73,115,255
54,74,125,255
34,63,109,255
39,71,106,255
51,79,112,255
58,78,125,255
70,82,146,255
73,99,138,255
82,108,145,255
87,114,147,255
86,114,140,255
87,116,136,255
91,120,137,255
91,121,133,255
86,117,124,255
129,139,124,255
124,138,134,255
97,117,130,255
75,101,130,255
78,104,141,255
79,103,141,255
84,105,136,255
102,120,146,255
84,103,131,255
93,112,141,255
104,125,156,255
109,131,166,255
104,128,166,255
93,118,160,255
82,107,151,255
74,100,145,255
98,122,146,255
113,136,166,255
110,131,172,255
93,113,162,255
71,90,144,255
48,68,119,255
54,74,121,255
89,110,153,255
129,148,133,255
138,153,128,255
157,165,128,255
160,164,125,255
145,151,125,255
131,145,144,255
106,132,161,255
73,106,153,255
61,89,151,255
72,100,159,255
87,117,163,255
103,132,160,255
120,146,149,255
142,162,139,255
167,181,136,255
185,192,134,255
193,188,110,255
182,177,84,255
169,165,52,255
167,164,37,255
174,167,39,255
178,166,50,255
175,157,61,255
168,148,65,255
157,174,142,255
150,165,148,255
152,161,154,255
162,168,156,255
108,126,160,255
103,122,151,255
106,126,147,255
115,136,153,255
110,131,148,255
87,107,130,255
66,85,116,255
59,76,114,255
38,56,104,255
32,55,100,255
40,66,115,255
41,67,132,255
35,56,135,255
44,60,131,255
47,62,103,255
31,45,58,255
50,55,71,255
68,83,126,255
65,95,167,255
54,99,176,255
61,112,173,255
73,114,156,255
89,113,151,255
113,124,164,255
86,113,146,255
99,126,157,255
105,133,159,255
99,128,148,255
92,122,136,255
94,125,132,255
100,132,135,255
103,135,136,255
126,139,121,255
120,136,139,255
91,112,145,255
67,94,153,255
67,93,164,255
61,87,152,255
56,78,131,255
67,87,128,255
71,90,121,255
74,95,126,255
84,105,140,255
94,116,154,255
97,121,161,255
91,116,160,255
76,102,149,255
65,91,138,255
76,101,119,255
98,122,146,255
109,131,167,255
105,125,174,255
88,107,162,255
59,78,133,255
53,73,124,255
79,99,146,255
129,142,134,255
134,141,122,255
164,163,131,255
174,169,133,255
150,150,126,255
140,150,155,255
124,144,181,255
79,107,166,255
57,89,152,255
67,99,160,255
79,113,163,255
88,120,155,255
100,128,143,255
121,143,132,255
151,167,134,255
175,184,139,255
189,188,146,255
182,182,118,255
172,174,76,255
169,169,45,255
171,166,37,255
178,164,54,255
185,162,80,255
189,159,97,255
147,169,144,255
139,157,145,255
138,150,150,255
142,154,146,255
112,126,164,255
107,123,160,255
95,116,151,255
87,108,139,255
91,110,131,255
105,119,132,255
120,127,131,255
126,130,129,255
77,99,126,255
58,80,108,255
43,66,96,255
47,69,104,255
53,77,117,255
54,79,123,255
50,75,120,255
49,73,121,255
31,33,44,255
99,107,124,255
95,108,138,255
98,118,157,255
102,126,168,255
94,118,158,255
114,135,168,255
90,109,137,255
117,141,137,255
123,154,150,255
112,149,154,255
85,124,151,255
79,115,161,255
99,130,170,255
115,144,154,255
118,144,127,255
85,108,136,255
60,83,113,255
46,68,104,255
56,77,120,255
70,90,139,255
72,90,148,255
76,94,156,255
84,101,166,255
62,90,141,255
74,103,147,255
75,103,137,255
69,96,125,255
87,113,140,255
115,138,170,255
108,130,168,255
81,100,144,255
65,81,129,255
75,91,136,255
98,118,155,255
83,104,139,255
113,135,173,255
78,101,149,255
55,78,136,255
75,96,163,255
101,123,132,255
110,133,137,255
121,147,147,255
129,157,156,255
126,156,160,255
114,144,158,255
99,127,153,255
88,116,150,255
86,115,169,255
59,86,145,255
61,85,145,255
94,117,171,255
106,128,164,255
94,119,128,255
109,135,120,255
146,173,142,255
168,176,113,255
178,181,114,255
188,188,112,255
197,193,116,255
194,194,122,255
182,188,130,255
168,181,139,255
157,176,142,255
130,169,152,255
130,163,148,255
106,125,117,255
151,160,155,255
110,127,157,255
99,120,151,255
94,117,149,255
101,127,156,255
119,141,168,255
125,143,161,255
110,122,134,255
92,99,106,255
131,153,180,255
114,136,164,255
101,124,154,255
95,117,152,255
88,110,148,255
82,106,146,255
82,105,150,255
79,102,147,255
31,34,39,255
72,80,94,255
106,120,145,255
100,121,156,255
100,124,162,255
109,134,169,255
106,128,156,255
116,136,161,255
123,142,163,255
110,136,149,255
95,127,138,255
93,127,151,255
106,137,180,255
112,138,183,255
91,114,142,255
64,85,94,255
24,47,77,255
35,58,90,255
53,75,110,255
66,88,126,255
65,86,131,255
59,79,128,255
62,82,133,255
71,90,144,255
71,99,148,255
78,107,151,255
77,105,141,255
72,99,128,255
81,107,134,255
100,123,155,255
100,122,158,255
88,108,149,255
94,110,157,255
93,110,152,255
84,104,141,255
70,90,127,255
102,123,164,255
66,89,137,255
59,82,138,255
62,84,148,255
87,111,135,255
92,116,138,255
98,126,141,255
102,132,146,255
102,133,150,255
95,128,151,255
89,120,153,255
83,114,154,255
96,125,177,255
69,96,153,255
60,84,144,255
77,100,156,255
87,111,153,255
90,113,133,255
114,138,136,255
149,175,160,255
164,179,136,255
168,180,130,255
172,181,124,255
175,181,123,255
171,179,126,255
162,175,133,255
151,172,143,255
144,169,149,255
118,155,151,255
122,153,151,255
101,119,119,255
149,157,156,255
112,135,155,255
97,121,145,255
81,109,135,255
85,114,144,255
101,128,159,255
117,139,167,255
121,137,162,255
120,133,155,255
102,125,153,255
95,118,146,255
99,122,152,255
99,122,154,255
92,114,149,255
101,121,158,255
113,133,170,255
109,129,168,255
30,34,31,255
40,50,55,255
104,119,136,255
98,120,147,255
95,120,152,255
111,137,166,255
93,115,140,255
130,150,171,255
116,128,178,255
95,114,143,255
86,112,121,255
101,130,140,255
113,139,168,255
96,117,160,255
56,72,117,255
24,38,76,255
40,62,97,255
65,87,122,255
90,112,147,255
99,121,156,255
96,118,153,255
93,115,150,255
90,112,147,255
87,109,145,255
84,113,159,255
85,114,157,255
86,114,150,255
84,111,144,255
81,106,138,255
86,109,141,255
94,116,152,255
103,123,162,255
105,122,164,255
103,120,160,255
64,84,121,255
60,80,117,255
93,114,155,255
57,80,128,255
82,105,159,255
68,91,149,255
78,102,150,255
77,104,147,255
79,106,145,255
79,109,145,255
81,113,148,255
82,116,155,255
84,119,161,255
86,121,167,255
93,121,170,255
74,102,154,255
65,89,147,255
69,93,151,255
76,100,150,255
86,111,146,255
109,134,153,255
133,159,168,255
131,155,141,255
136,159,142,255
144,166,141,255
149,170,141,255
149,171,146,255
144,169,152,255
136,165,159,255
130,162,165,255
102,136,152,255
110,138,153,255
96,112,123,255
147,154,160,255
114,139,148,255
103,131,146,255
90,120,142,255
75,108,137,255
69,100,133,255
81,107,142,255
111,132,167,255
140,156,191,255
110,133,163,255
102,125,155,255
112,135,165,255
112,133,164,255
97,116,145,255
105,124,153,255
111,128,158,255
86,103,133,255
29,35,23,255
24,35,32,255
77,94,102,255
98,121,141,255
96,122,149,255
98,124,150,255
92,115,137,255
117,138,155,255
105,116,176,255
100,116,145,255
108,131,125,255
123,149,134,255
111,134,136,255
72,90,118,255
45,58,102,255
40,53,99,255
86,108,144,255
93,115,151,255
93,115,150,255
90,113,143,255
99,122,150,255
112,136,160,255
105,129,151,255
86,111,130,255
90,119,162,255
89,119,159,255
96,123,162,255
100,126,161,255
90,115,149,255
83,105,140,255
95,117,152,255
119,140,175,255
105,123,159,255
117,135,171,255
73,93,130,255
71,91,130,255
85,106,149,255
41,64,110,255
92,116,168,255
69,92,146,255
65,91,154,255
65,91,153,255
64,92,151,255
64,96,149,255
68,101,154,255
74,110,159,255
79,117,166,255
83,121,172,255
72,101,145,255
71,99,148,255
73,98,153,255
76,100,158,255
81,106,161,255
87,113,162,255
94,119,161,255
99,125,160,255
94,127,146,255
101,135,150,255
114,146,155,255
122,155,160,255
122,155,161,255
112,146,159,255
100,135,153,255
91,128,151,255
93,123,159,255
104,130,159,255
93,107,129,255
147,154,161,255
117,139,141,255
112,137,145,255
108,137,154,255
101,133,158,255
83,116,147,255
69,97,133,255
72,96,134,255
86,106,143,255
96,121,155,255
87,110,142,255
106,129,159,255
112,131,159,255
96,114,140,255
111,128,150,255
110,124,146,255
61,74,96,255
30,37,18,255
27,39,29,255
47,64,68,255
107,130,149,255
111,137,163,255
90,116,142,255
112,135,157,255
101,122,141,255
99,114,165,255
108,128,143,255
133,157,133,255
150,177,138,255
127,151,131,255
81,100,110,255
61,78,108,255
70,87,125,255
97,119,157,255
100,122,158,255
93,115,150,255
83,106,136,255
91,115,139,255
110,135,154,255
112,137,155,255
102,127,143,255
84,114,152,255
84,114,152,255
97,124,165,255
107,133,172,255
98,122,160,255
86,108,144,255
98,121,153,255
125,146,177,255
112,131,160,255
135,153,187,255
107,127,164,255
95,115,156,255
79,100,145,255
23,46,92,255
81,105,153,255
56,80,128,255
52,78,141,255
53,79,142,255
55,82,147,255
57,87,149,255
61,93,153,255
66,101,157,255
69,107,158,255
72,110,161,255
62,89,132,255
69,95,140,255
74,102,153,255
78,105,160,255
81,108,165,255
83,110,167,255
80,109,161,255
75,104,156,255
86,123,166,255
88,125,165,255
89,130,164,255
89,130,160,255
84,126,154,255
77,116,146,255
68,105,138,255
63,98,134,255
92,121,165,255
104,129,164,255
93,107,130,255
146,153,160,255
131,148,146,255
110,130,133,255
97,123,134,255
105,134,154,255
108,137,165,255
93,120,151,255
77,100,132,255
68,89,122,255
68,94,129,255
59,84,118,255
90,111,142,255
100,120,145,255
84,101,122,255
111,124,142,255
111,122,136,255
46,56,69,255
35,42,22,255
30,42,32,255
41,58,62,255
117,140,159,255
121,147,174,255
94,120,149,255
125,147,174,255
88,108,131,255
80,104,146,255
92,118,127,255
122,150,124,255
149,175,139,255
137,160,143,255
98,120,129,255
72,96,120,255
70,96,125,255
77,99,137,255
95,117,153,255
107,129,164,255
102,125,155,255
95,119,145,255
100,124,148,255
116,140,162,255
128,153,172,255
75,105,141,255
77,107,145,255
89,116,157,255
99,124,168,255
96,120,162,255
91,113,151,255
101,124,156,255
120,142,170,255
108,128,153,255
124,143,172,255
122,142,179,255
103,122,166,255
76,96,143,255
33,56,102,255
82,107,151,255
60,85,127,255
57,81,129,255
59,84,136,255
63,88,143,255
66,93,152,255
69,97,156,255
70,101,157,255
71,105,154,255
71,106,152,255
68,95,138,255
69,95,140,255
71,100,146,255
75,103,154,255
77,106,160,255
75,106,162,255
73,106,163,255
74,107,164,255
88,123,179,255
83,121,174,255
77,117,167,255
71,114,160,255
71,112,154,255
77,114,154,255
84,115,155,255
90,117,158,255
90,119,163,255
103,128,162,255
94,109,126,255
145,153,154,255
146,154,152,255
113,126,128,255
92,111,121,255
102,126,142,255
115,142,163,255
115,139,163,255
109,131,156,255
110,128,152,255
113,139,176,255
102,127,161,255
128,149,180,255
121,139,163,255
81,96,115,255
100,112,124,255
99,108,117,255
27,34,40,255
40,47,28,255
21,33,25,255
59,76,84,255
113,136,158,255
104,129,161,255
92,117,152,255
96,117,150,255
63,82,111,255
51,82,125,255
71,101,121,255
101,130,124,255
120,143,136,255
111,132,141,255
85,108,136,255
72,100,134,255
73,106,137,255
71,93,129,255
82,104,139,255
95,117,152,255
97,119,154,255
85,108,140,255
77,100,130,255
88,111,141,255
107,130,160,255
78,109,141,255
78,108,144,255
82,109,152,255
87,112,157,255
91,114,159,255
98,120,158,255
107,130,160,255
116,138,163,255
113,133,154,255
100,119,147,255
112,133,168,255
87,106,152,255
74,94,141,255
61,84,130,255
92,117,159,255
69,95,132,255
71,95,119,255
73,96,126,255
73,97,137,255
75,99,147,255
76,101,153,255
75,103,152,255
76,105,149,255
75,106,146,255
75,100,145,255
69,95,140,255
70,99,143,255
80,110,156,255
81,114,161,255
71,107,156,255
71,106,160,255
76,113,169,255
81,109,171,255
77,109,169,255
74,111,167,255
73,113,163,255
76,115,160,255
85,116,158,255
93,117,155,255
101,118,156,255
76,106,142,255
95,121,147,255
92,109,117,255
149,158,151,255
142,146,145,255
126,134,135,255
118,133,140,255
126,146,159,255
125,148,167,255
115,138,157,255
118,137,155,255
132,150,166,255
104,130,167,255
96,121,156,255
127,148,179,255
116,134,158,255
70,85,102,255
95,105,116,255
107,114,120,255
38,44,46,255
43,49,33,255
7,18,13,255
78,94,105,255
101,123,148,255
77,102,137,255
81,105,143,255
53,73,110,255
35,53,87,255
35,70,122,255
67,99,132,255
98,126,141,255
100,121,138,255
77,95,131,255
61,84,132,255
75,105,153,255
96,133,173,255
115,137,172,255
99,121,156,255
92,114,149,255
97,119,155,255
95,117,153,255
81,103,139,255
78,100,136,255
85,107,143,255
87,118,148,255
84,114,150,255
80,107,150,255
79,103,151,255
89,112,158,255
105,127,165,255
114,137,167,255
116,138,163,255
137,158,177,255
94,114,139,255
105,126,161,255
70,89,135,255
68,88,137,255
75,98,144,255
88,114,153,255
60,86,121,255
75,97,106,255
75,96,113,255
73,95,123,255
73,95,133,255
72,95,140,255
71,96,140,255
72,98,137,255
72,100,136,255
73,98,143,255
66,93,136,255
74,103,146,255
94,125,167,255
93,128,170,255
75,111,157,255
66,104,153,255
73,113,163,255
74,98,160,255
76,104,165,255
77,112,168,255
77,115,166,255
75,110,156,255
70,97,138,255
64,82,118,255
60,72,106,255
60,91,121,255
84,111,130,255
90,108,110,255
155,165,153,255
165,159,119,255
104,109,129,255
109,129,170,255
119,148,155,255
123,145,144,255
143,156,187,255
123,145,173,255
94,136,124,255
128,153,146,255
122,146,170,255
133,155,206,255
114,138,176,255
84,110,110,255
51,69,45,255
84,89,73,255
52,45,49,255
25,32,30,255
47,58,63,255
46,66,81,255
74,100,126,255
59,85,120,255
74,98,136,255
40,57,95,255
25,39,77,255
50,59,88,255
62,77,110,255
61,85,123,255
46,79,122,255
46,81,123,255
66,100,139,255
87,115,149,255
92,118,147,255
125,148,178,255
110,133,163,255
95,118,148,255
90,113,145,255
88,110,146,255
83,104,145,255
77,97,144,255
74,94,145,255
88,115,148,255
81,107,144,255
68,93,138,255
74,98,150,255
93,117,169,255
92,117,162,255
91,117,154,255
110,137,170,255
106,123,178,255
79,97,147,255
67,86,130,255
80,101,136,255
92,114,139,255
93,117,133,255
104,129,138,255
123,148,154,255
104,120,145,255
103,117,139,255
103,116,136,255
101,114,134,255
95,109,131,255
88,107,135,255
87,114,145,255
92,124,159,255
70,103,156,255
80,115,157,255
89,126,156,255
89,129,150,255
81,123,147,255
75,115,155,255
74,112,171,255
78,114,186,255
78,128,175,255
75,123,171,255
75,119,168,255
78,116,167,255
75,108,161,255
74,101,156,255
81,106,161,255
93,116,172,255
140,153,145,255
152,160,148,255
171,172,152,255
189,181,154,255
143,135,110,255
73,75,110,255
74,93,148,255
93,122,142,255
106,126,139,255
132,142,189,255
126,147,192,255
115,154,161,255
128,149,166,255
121,141,182,255
126,147,208,255
106,126,173,255
78,98,111,255
39,54,45,255
73,76,73,255
44,38,52,255
25,32,28,255
37,49,51,255
37,55,69,255
69,93,117,255
60,87,120,255
73,98,133,255
49,66,104,255
43,59,97,255
43,55,93,255
49,66,106,255
49,74,119,255
44,76,126,255
50,84,133,255
68,101,146,255
87,117,157,255
98,124,161,255
113,136,168,255
114,137,167,255
116,139,169,255
115,138,168,255
110,133,165,255
93,115,150,255
66,88,126,255
44,65,106,255
79,106,139,255
81,107,144,255
73,98,143,255
78,102,152,255
97,121,171,255
97,122,167,255
91,117,154,255
101,128,161,255
91,111,158,255
79,100,145,255
79,100,141,255
92,114,149,255
99,123,149,255
101,125,147,255
118,143,159,255
143,169,182,255
111,129,157,255
117,133,160,255
123,137,162,255
124,136,160,255
118,132,157,255
105,127,155,255
92,118,153,255
81,111,149,255
58,93,139,255
65,100,142,255
75,111,149,255
86,123,156,255
91,129,166,255
93,130,173,255
90,125,177,255
86,123,181,255
70,106,170,255
74,108,167,255
84,118,168,255
98,129,171,255
107,134,165,255
111,136,155,255
123,145,157,255
134,156,165,255
155,170,161,255
163,173,160,255
176,177,157,255
188,180,155,255
150,142,128,255
65,68,115,255
61,81,146,255
85,112,141,255
91,111,134,255
101,112,170,255
97,115,175,255
96,134,157,255
105,125,166,255
106,123,179,255
112,128,191,255
92,108,156,255
70,84,107,255
26,36,41,255
56,57,65,255
36,29,48,255
32,36,33,255
28,38,39,255
27,41,53,255
60,80,101,255
59,82,112,255
64,86,122,255
50,70,109,255
57,74,114,255
45,63,111,255
39,61,112,255
39,67,119,255
47,78,134,255
57,90,145,255
67,99,150,255
82,112,160,255
96,125,169,255
113,136,168,255
116,139,171,255
111,134,164,255
101,124,154,255
99,122,150,255
102,126,152,255
92,116,140,255
75,99,123,255
67,93,128,255
73,99,136,255
61,86,128,255
56,81,126,255
72,97,142,255
77,102,144,255
71,97,134,255
74,100,135,255
70,92,128,255
76,98,134,255
90,112,147,255
103,126,158,255
99,122,152,255
92,115,143,255
103,127,153,255
122,146,172,255
81,101,138,255
93,111,145,255
102,117,148,255
106,119,149,255
112,127,158,255
116,137,172,255
104,130,169,255
84,113,156,255
75,110,146,255
73,106,149,255
75,107,157,255
83,115,168,255
93,125,178,255
96,129,176,255
89,123,164,255
82,117,153,255
106,126,190,255
111,130,185,255
123,143,184,255
139,158,179,255
148,166,166,255
149,169,148,255
156,174,140,255
164,183,141,255
161,176,169,255
165,175,163,255
171,174,155,255
178,171,147,255
163,158,142,255
77,83,123,255
80,101,158,255
110,140,160,255
103,127,141,255
87,100,154,255
63,84,143,255
62,100,127,255
75,96,141,255
87,106,150,255
100,117,157,255
87,103,130,255
74,86,96,255
22,30,31,255
42,44,45,255
28,25,30,255
40,45,39,255
25,31,31,255
22,33,39,255
49,64,81,255
56,74,100,255
51,72,107,255
48,69,110,255
60,83,128,255
61,84,140,255
48,73,128,255
47,74,129,255
62,91,145,255
71,100,154,255
70,100,150,255
77,105,154,255
90,119,165,255
113,136,166,255
115,138,168,255
102,125,157,255
84,107,137,255
88,112,138,255
109,134,153,255
118,144,157,255
110,136,145,255
70,96,131,255
75,101,138,255
55,81,120,255
39,65,104,255
51,77,116,255
61,87,126,255
57,83,120,255
58,84,119,255
66,92,121,255
79,105,134,255
97,122,154,255
103,128,160,255
93,118,152,255
78,103,137,255
73,98,133,255
76,101,136,255
61,86,130,255
69,90,131,255
69,86,124,255
69,84,119,255
86,102,139,255
110,130,169,255
111,134,179,255
94,120,167,255
90,126,156,255
83,117,158,255
79,108,164,255
79,106,171,255
88,114,176,255
95,124,168,255
98,127,153,255
97,129,142,255
150,159,190,255
149,159,183,255
155,165,178,255
166,177,174,255
171,180,161,255
169,178,143,255
170,180,133,255
176,187,133,255
159,177,169,255
162,174,164,255
167,172,154,255
174,170,145,255
149,148,116,255
73,83,107,255
94,120,159,255
138,174,176,255
132,160,157,255
102,119,159,255
65,89,139,255
58,98,119,255
67,93,120,255
94,118,132,255
114,135,132,255
111,127,113,255
103,113,100,255
36,42,30,255
38,42,29,255
27,29,14,255
45,48,41,255
24,28,25,255
25,31,35,255
42,52,65,255
58,72,95,255
51,69,103,255
56,81,123,255
72,98,145,255
75,103,154,255
67,93,142,255
70,94,142,255
87,110,155,255
94,118,160,255
89,113,153,255
89,115,154,255
99,125,164,255
101,125,151,255
110,133,163,255
111,133,168,255
104,126,161,255
105,128,158,255
112,136,158,255
107,133,146,255
94,121,126,255
85,111,148,255
91,117,154,255
77,103,138,255
67,94,127,255
79,106,139,255
82,108,143,255
72,98,135,255
73,99,136,255
85,113,139,255
90,117,146,255
92,119,150,255
90,117,150,255
86,112,147,255
84,110,147,255
78,104,143,255
72,97,139,255
86,114,163,255
84,109,154,255
75,96,137,255
73,89,127,255
87,103,140,255
106,126,165,255
105,129,171,255
91,117,162,255
78,113,145,255
76,107,150,255
73,100,155,255
77,101,161,255
89,113,165,255
108,133,167,255
130,156,167,255
144,171,168,255
160,169,152,255
157,163,147,255
159,166,147,255
169,174,155,255
173,179,155,255
175,179,153,255
178,182,154,255
185,187,160,255
156,175,169,255
162,175,167,255
171,177,161,255
181,178,155,255
138,140,105,255
71,82,100,255
96,125,155,255
139,178,169,255
135,164,155,255
110,128,164,255
74,100,149,255
64,107,128,255
82,112,124,255
120,149,133,255
145,170,127,255
145,160,115,255
139,146,116,255
55,57,40,255
39,44,26,255
28,34,10,255
42,43,36,255
25,25,21,255
32,34,34,255
38,43,51,255
66,76,97,255
60,79,110,255
75,102,145,255
81,113,163,255
84,111,150,255
87,114,147,255
101,123,151,255
118,134,159,255
126,140,162,255
122,140,158,255
120,141,160,255
122,145,165,255
104,129,148,255
104,128,154,255
104,126,161,255
104,125,166,255
104,126,164,255
103,126,156,255
101,126,145,255
100,126,137,255
89,115,154,255
95,121,158,255
93,120,151,255
102,129,158,255
117,144,173,255
105,132,163,255
86,112,149,255
88,114,153,255
91,119,152,255
87,115,148,255
74,102,135,255
63,91,125,255
73,101,137,255
95,123,159,255
104,131,170,255
99,126,165,255
95,130,176,255
91,122,165,255
90,114,154,255
98,119,154,255
110,128,162,255
112,133,168,255
102,126,164,255
92,117,159,255
72,103,146,255
72,103,146,255
78,104,149,255
86,112,151,255
104,127,155,255
127,149,161,255
150,172,171,255
165,187,178,255
172,181,146,255
165,174,141,255
164,172,143,255
170,177,155,255
175,181,167,255
173,178,168,255
174,178,175,255
178,182,181,255
144,165,160,255
152,167,158,255
165,171,157,255
176,176,154,255
148,148,126,255
74,85,116,255
80,110,150,255
103,143,144,255
97,127,127,255
90,108,156,255
71,97,162,255
69,111,149,255
89,120,127,255
132,163,136,255
160,183,123,255
161,174,116,255
157,160,131,255
62,60,57,255
39,39,37,255
30,36,22,255
36,37,28,255
26,25,19,255
40,38,35,255
35,33,40,255
66,74,91,255
63,80,112,255
83,109,154,255
77,110,163,255
90,119,139,255
112,136,152,255
136,153,161,255
148,158,159,255
154,162,160,255
155,166,163,255
153,167,166,255
146,164,164,255
136,162,175,255
111,135,159,255
91,113,149,255
84,104,151,255
80,100,149,255
78,99,142,255
95,118,148,255
118,142,164,255
94,119,161,255
87,113,148,255
83,110,139,255
101,129,154,255
114,142,167,255
90,117,146,255
72,98,133,255
86,111,153,255
78,108,146,255
79,109,147,255
68,98,136,255
57,87,123,255
71,101,137,255
101,131,167,255
112,143,176,255
105,136,169,255
87,126,169,255
79,113,154,255
87,115,149,255
110,133,163,255
122,141,170,255
110,131,162,255
100,123,155,255
99,125,160,255
71,100,156,255
76,105,151,255
88,117,147,255
108,136,149,255
132,156,156,255
146,168,161,255
152,170,160,255
153,168,159,255
171,181,166,255
164,174,161,255
161,173,161,255
168,180,170,255
170,181,176,255
163,176,172,255
157,169,169,255
157,169,169,255
135,158,154,255
142,160,152,255
153,162,147,255
163,164,144,255
151,150,142,255
70,79,124,255
59,86,141,255
65,103,117,255
60,88,101,255
73,89,152,255
75,98,180,255
82,121,178,255
79,111,124,255
126,157,130,255
154,178,116,255
157,169,111,255
156,156,136,255
60,56,67,255
35,32,45,255
31,35,35,255
34,35,26,255
28,27,19,255
44,41,36,255
28,25,28,255
62,67,83,255
57,74,104,255
75,104,150,255
62,97,151,255
98,127,135,255
132,154,156,255
161,174,170,255
169,175,161,255
171,173,156,255
174,181,162,255
167,180,164,255
156,172,158,255
165,191,202,255
128,152,174,255
98,120,158,255
87,107,158,255
71,90,145,255
56,76,125,255
68,90,128,255
97,120,150,255
108,133,175,255
85,111,146,255
67,95,121,255
80,108,131,255
89,117,140,255
63,91,117,255
53,79,114,255
80,105,147,255
71,100,144,255
84,113,156,255
85,115,155,255
77,107,145,255
86,116,152,255
108,139,172,255
109,140,172,255
94,125,155,255
96,137,179,255
80,116,154,255
85,113,146,255
110,133,161,255
117,137,162,255
97,119,146,255
91,114,142,255
102,128,157,255
60,87,152,255
68,96,145,255
90,119,139,255
124,152,149,255
156,181,163,255
168,189,168,255
158,174,160,255
143,156,148,255
143,153,166,255
139,149,162,255
143,155,163,255
155,168,172,255
159,176,174,255
152,171,165,255
145,164,156,255
142,162,151,255
141,164,160,255
145,163,155,255
153,161,149,255
161,162,142,255
122,139,145,255
88,107,136,255
68,91,145,255
61,89,150,255
48,82,132,255
56,91,135,255
76,108,159,255
85,113,174,255
85,111,114,255
90,125,133,255
117,158,164,255
135,164,158,255
109,118,99,255
76,72,56,255
47,45,42,255
19,28,39,255
35,32,25,255
28,29,22,255
33,40,36,255
19,32,34,255
38,60,72,255
83,111,136,255
86,117,157,255
90,125,171,255
102,120,134,255
138,151,155,255
154,163,148,255
158,161,130,255
174,172,135,255
181,176,140,255
173,170,141,255
173,170,147,255
185,177,162,255
178,180,180,255
119,136,158,255
61,90,134,255
54,87,144,255
54,85,143,255
64,88,140,255
96,114,162,255
96,124,160,255
80,107,148,255
62,88,135,255
51,76,128,255
46,71,123,255
48,74,121,255
61,88,129,255
77,105,141,255
49,74,116,255
62,87,129,255
82,108,147,255
78,104,141,255
63,89,124,255
79,106,139,255
106,133,166,255
109,136,167,255
92,114,167,255
93,115,166,255
97,120,168,255
102,125,171,255
104,128,170,255
98,122,162,255
86,111,146,255
76,101,136,255
54,62,99,255
108,118,142,255
147,158,163,255
148,160,148,255
151,162,141,255
166,177,157,255
163,171,159,255
144,149,143,255
150,170,181,255
131,151,164,255
125,143,159,255
136,154,168,255
143,159,170,255
134,150,151,255
123,141,133,255
121,140,125,255
72,70,67,255
71,70,64,255
74,72,63,255
152,148,135,255
126,141,146,255
80,98,124,255
54,76,127,255
53,80,137,255
47,80,127,255
52,86,125,255
68,98,144,255
73,100,155,255
86,109,131,255
79,111,136,255
90,129,150,255
95,122,129,255
71,79,68,255
49,45,30,255
38,37,31,255
22,31,38,255
46,43,38,255
37,38,31,255
42,49,45,255
29,42,44,255
49,69,80,255
89,115,141,255
86,116,154,255
86,119,164,255
124,143,154,255
164,177,179,255
178,187,172,255
173,176,147,255
176,176,140,255
175,173,138,255
170,169,139,255
174,175,148,255
169,166,143,255
158,166,157,255
120,140,153,255
77,108,141,255
58,94,140,255
50,85,131,255
49,76,117,255
57,79,114,255
89,120,160,255
79,110,152,255
72,102,150,255
73,102,154,255
75,104,156,255
75,105,153,255
79,110,152,255
86,117,157,255
56,81,126,255
62,87,131,255
76,101,145,255
75,100,142,255
65,91,130,255
80,106,143,255
99,125,160,255
96,122,157,255
111,131,172,255
108,128,169,255
106,126,165,255
104,124,161,255
102,123,156,255
95,116,147,255
85,107,135,255
76,98,126,255
84,100,125,255
121,136,151,255
148,165,163,255
152,171,155,255
159,176,154,255
171,186,167,255
166,178,168,255
148,159,156,255
121,146,155,255
112,134,146,255
111,131,146,255
117,135,151,255
109,123,135,255
77,90,94,255
48,61,57,255
38,50,40,255
27,24,37,255
27,25,35,255
30,27,34,255
106,102,105,255
137,151,150,255
74,91,112,255
44,63,109,255
55,81,130,255
61,92,132,255
62,95,126,255
66,96,132,255
67,93,138,255
76,94,142,255
64,92,143,255
67,102,146,255
69,93,119,255
46,52,54,255
33,28,18,255
33,32,24,255
24,34,35,255
41,40,34,255
31,32,25,255
36,43,39,255
28,40,40,255
48,67,77,255
82,106,128,255
72,98,133,255
67,96,139,255
98,117,125,255
141,158,156,255
163,173,160,255
159,163,137,255
159,161,128,255
157,159,126,255
157,161,132,255
166,172,146,255
163,171,146,255
143,157,144,255
122,147,155,255
95,129,153,255
70,108,143,255
68,104,140,255
68,101,132,255
56,84,109,255
57,91,130,255
55,88,131,255
59,92,139,255
69,101,152,255
72,104,155,255
66,99,146,255
62,95,138,255
63,97,136,255
62,86,126,255
60,84,124,255
70,94,132,255
75,100,135,255
73,98,132,255
90,115,149,255
106,131,163,255
99,125,154,255
92,110,136,255
89,107,133,255
86,104,128,255
86,105,126,255
89,108,128,255
91,110,130,255
92,111,129,255
91,110,128,255
147,172,180,255
149,172,174,255
142,167,157,255
135,160,142,255
136,160,140,255
145,165,150,255
148,165,160,255
145,161,162,255
120,149,157,255
109,135,148,255
106,127,144,255
105,123,141,255
90,101,117,255
54,60,70,255
23,29,33,255
14,18,17,255
31,29,56,255
33,31,56,255
34,30,53,255
104,99,118,255
137,149,141,255
70,84,97,255
42,60,96,255
65,89,129,255
80,109,137,255
78,109,126,255
74,102,125,255
67,92,124,255
56,71,138,255
50,75,143,255
63,95,156,255
72,93,134,255
54,58,71,255
40,35,28,255
35,35,25,255
23,34,29,255
32,30,27,255
18,21,16,255
27,34,30,255
23,35,35,255
45,62,70,255
74,94,115,255
59,82,114,255
53,79,118,255
88,109,116,255
135,151,152,255
160,172,162,255
164,171,152,255
172,175,152,255
171,177,151,255
167,177,152,255
173,184,163,255
178,192,181,255
143,161,159,255
122,147,163,255
96,129,158,255
67,103,139,255
78,114,150,255
95,127,160,255
77,106,134,255
71,106,138,255
75,110,146,255
83,116,159,255
88,121,168,255
81,114,161,255
70,103,146,255
69,104,140,255
75,110,142,255
80,105,124,255
74,99,118,255
83,108,126,255
88,113,129,255
86,112,125,255
104,130,141,255
125,151,162,255
125,151,160,255
119,135,146,255
116,132,143,255
114,130,141,255
115,131,142,255
121,138,146,255
130,147,155,255
139,156,164,255
144,161,169,255
133,164,160,255
135,167,158,255
144,174,160,255
151,182,163,255
145,174,158,255
129,154,146,255
113,135,136,255
106,127,132,255
115,144,154,255
89,115,128,255
66,87,106,255
60,74,96,255
53,62,83,255
38,42,58,255
30,30,42,255
34,31,38,255
37,40,63,255
39,42,65,255
35,35,57,255
94,93,113,255
131,140,125,255
73,84,90,255
53,69,96,255
80,101,132,255
96,124,141,255
95,124,131,255
89,115,124,255
79,102,121,255
49,65,130,255
45,70,140,255
61,92,158,255
75,95,142,255
58,61,80,255
44,38,34,255
38,38,28,255
24,36,28,255
32,32,28,255
18,21,16,255
28,35,31,255
29,40,38,255
49,64,71,255
75,93,111,255
61,80,108,255
60,81,116,255
89,110,119,255
131,148,154,255
157,169,169,255
167,174,170,255
179,187,176,255
178,188,175,255
163,178,163,255
157,176,160,255
171,188,192,255
136,154,168,255
113,135,160,255
89,115,150,255
60,90,130,255
75,105,145,255
96,124,160,255
78,106,139,255
69,102,123,255
75,108,131,255
82,113,143,255
79,110,143,255
63,94,127,255
52,83,113,255
63,96,119,255
82,115,136,255
120,147,144,255
112,139,136,255
117,144,139,255
116,143,136,255
102,130,121,255
111,139,128,255
135,163,150,255
143,171,158,255
155,173,175,255
151,169,171,255
145,163,165,255
140,158,160,255
138,155,159,255
141,158,162,255
146,163,167,255
151,168,172,255
126,159,154,255
122,155,148,255
125,157,148,255
127,159,150,255
123,152,146,255
115,141,142,255
121,144,150,255
133,155,165,255
115,139,151,255
75,96,113,255
38,55,77,255
27,39,65,255
30,36,62,255
31,34,57,255
37,36,54,255
46,43,58,255
29,38,49,255
32,41,52,255
25,31,41,255
76,81,91,255
138,144,122,255
99,107,106,255
87,100,120,255
103,124,143,255
110,137,142,255
117,144,137,255
120,144,140,255
110,131,136,255
70,89,133,255
57,85,136,255
62,95,150,255
65,86,129,255
45,48,67,255
34,28,28,255
35,34,26,255
28,39,34,255
30,33,30,255
17,20,17,255
29,36,32,255
29,40,38,255
46,59,63,255
70,84,99,255
60,76,101,255
67,84,116,255
64,84,99,255
108,123,138,255
135,147,159,255
148,157,166,255
167,177,182,255
168,181,183,255
152,170,168,255
144,167,161,255
129,146,152,255
116,135,145,255
108,127,147,255
96,115,143,255
86,107,138,255
96,119,147,255
107,131,157,255
98,122,146,255
115,142,145,255
120,147,152,255
125,151,162,255
119,144,160,255
105,130,146,255
100,126,137,255
118,145,150,255
143,170,173,255
148,176,167,255
137,165,156,255
140,168,157,255
135,163,150,255
112,141,125,255
110,139,121,255
127,156,138,255
135,165,145,255
135,157,156,255
134,156,157,255
131,153,154,255
125,147,149,255
118,139,144,255
114,135,142,255
115,136,145,255
116,137,146,255
127,159,162,255
122,152,156,255
116,143,148,255
107,134,139,255
98,123,131,255
98,120,130,255
112,132,145,255
128,148,161,255
102,116,131,255
70,80,101,255
39,48,75,255
33,40,70,255
33,39,69,255
30,34,60,255
28,32,55,255
34,37,56,255
25,37,45,255
32,43,51,255
21,32,40,255
68,77,86,255
145,149,121,255
125,133,124,255
118,130,142,255
114,132,146,255
110,134,132,255
125,151,136,255
141,165,151,255
137,158,153,255
110,134,148,255
88,120,147,255
78,114,150,255
67,90,122,255
39,43,58,255
27,21,21,255
31,29,26,255
27,38,36,255
29,32,29,255
15,19,16,255
27,34,30,255
26,34,32,255
36,47,52,255
58,69,83,255
54,66,90,255
70,83,113,255
48,66,90,255
92,109,131,255
122,132,156,255
131,139,163,255
146,155,176,255
148,163,178,255
140,161,170,255
139,164,170,255
106,125,110,255
121,139,129,255
121,138,133,255
116,132,133,255
124,140,143,255
127,145,145,255
122,143,140,255
126,149,145,255
114,137,121,255
114,136,125,255
117,139,132,255
117,138,135,255
112,133,130,255
110,132,125,255
122,144,133,255
139,162,146,255
127,149,158,255
114,137,143,255
122,145,151,255
129,152,156,255
116,139,141,255
111,135,135,255
119,143,141,255
119,143,141,255
116,142,143,255
120,146,149,255
125,150,156,255
124,149,157,255
118,143,152,255
111,135,149,255
108,132,148,255
108,132,148,255
80,105,123,255
95,118,137,255
108,131,151,255
112,132,153,255
103,122,142,255
83,100,121,255
58,73,92,255
37,52,69,255
55,55,77,255
43,42,69,255
39,40,70,255
45,47,82,255
41,48,81,255
30,39,68,255
28,38,62,255
34,47,69,255
31,44,66,255
38,51,73,255
27,37,60,255
69,77,102,255
141,144,113,255
133,138,128,255
125,136,144,255
107,124,132,255
91,114,107,255
113,138,118,255
141,165,145,255
143,163,152,255
141,168,163,255
116,151,159,255
100,138,161,255
82,106,130,255
47,51,64,255
29,23,23,255
29,27,26,255
23,33,36,255
35,37,37,255
21,25,22,255
32,39,35,255
27,35,33,255
33,43,46,255
53,63,76,255
54,64,87,255
75,87,115,255
28,46,74,255
72,88,117,255
96,107,139,255
94,102,135,255
96,105,134,255
90,107,129,255
85,109,125,255
91,120,130,255
121,143,108,255
150,169,136,255
142,159,131,255
129,144,119,255
140,154,132,255
131,147,122,255
114,135,108,255
127,150,120,255
121,142,113,255
116,136,112,255
117,136,118,255
124,143,128,255
126,145,130,255
124,143,125,255
124,144,120,255
129,150,121,255
82,101,129,255
70,90,115,255
86,106,131,255
110,130,153,255
113,133,154,255
113,134,153,255
116,137,154,255
110,131,148,255
104,134,138,255
112,141,148,255
120,149,157,255
119,148,158,255
111,139,154,255
99,126,145,255
91,118,139,255
87,114,135,255
88,107,135,255
79,98,127,255
58,75,105,255
37,52,83,255
36,49,79,255
45,57,83,255
44,57,77,255
35,46,64,255
38,30,55,255
45,38,67,255
63,60,93,255
81,81,117,255
79,85,121,255
68,79,111,255
73,89,116,255
90,109,130,255
69,81,119,255
76,88,126,255
62,72,111,255
100,107,148,255
180,172,122,255
139,138,121,255
111,120,139,255
98,121,153,255
91,121,145,255
108,137,147,255
136,156,161,255
145,157,165,255
128,150,141,255
150,169,163,255
134,148,147,255
110,120,125,255
67,70,75,255
31,28,31,255
38,32,30,255
31,24,18,255
30,34,34,255
20,23,20,255
25,24,18,255
43,40,33,255
49,48,42,255
42,46,45,255
46,56,59,255
61,73,81,255
28,35,33,255
81,93,93,255
110,127,131,255
96,119,123,255
101,124,126,255
133,155,148,255
143,158,143,255
124,133,114,255
143,159,144,255
136,152,140,255
128,147,139,255
121,144,140,255
112,135,139,255
99,125,134,255
95,125,139,255
101,130,147,255
94,115,130,255
103,124,139,255
113,134,149,255
117,138,153,255
112,133,148,255
102,123,138,255
93,114,129,255
87,108,123,255
81,103,130,255
80,102,129,255
80,99,127,255
74,92,120,255
62,78,107,255
49,62,92,255
37,48,79,255
29,40,71,255
30,36,74,255
29,35,75,255
48,55,96,255
65,74,117,255
67,76,121,255
75,85,134,255
79,92,140,255
67,79,129,255
55,65,66,255
42,52,57,255
34,42,57,255
36,43,67,255
34,40,70,255
28,34,64,255
29,35,63,255
38,44,72,255
30,54,104,255
65,87,138,255
79,102,150,255
80,100,147,255
89,108,154,255
92,108,155,255
89,104,149,255
94,109,154,255
71,85,133,255
73,88,133,255
84,98,139,255
97,108,148,255
149,145,106,255
115,116,107,255
95,107,131,255
89,114,149,255
83,115,140,255
95,125,137,255
114,137,143,255
116,133,141,255
121,148,145,255
135,159,159,255
120,137,143,255
105,117,127,255
64,70,80,255
20,21,27,255
26,24,23,255
25,22,17,255
31,35,35,255
24,27,24,255
29,28,22,255
41,38,31,255
40,39,33,255
30,34,33,255
32,42,45,255
47,59,67,255
29,29,27,255
70,76,76,255
109,122,126,255
117,138,143,255
114,137,141,255
119,141,142,255
132,149,144,255
140,153,145,255
119,141,140,255
100,122,123,255
86,109,113,255
90,115,123,255
99,123,135,255
92,117,133,255
73,101,118,255
61,88,107,255
111,131,152,255
111,131,152,255
108,128,149,255
101,121,142,255
93,113,134,255
87,107,128,255
85,105,126,255
85,105,126,255
66,87,118,255
53,74,105,255
38,57,88,255
27,44,76,255
27,42,75,255
38,50,84,255
50,61,95,255
58,69,103,255
39,47,72,255
30,38,63,255
38,47,76,255
48,59,91,255
47,59,93,255
53,67,105,255
59,73,114,255
46,61,102,255
35,46,60,255
33,43,64,255
36,45,74,255
41,49,86,255
37,44,85,255
31,38,81,255
37,44,85,255
48,55,95,255
56,81,134,255
77,102,155,255
82,106,158,255
80,102,153,255
87,107,156,255
83,101,149,255
76,94,142,255
85,101,148,255
87,103,151,255
81,97,144,255
83,98,143,255
93,107,148,255
170,172,147,255
133,139,143,255
109,124,157,255
99,124,166,255
86,119,148,255
89,123,136,255
98,129,136,255
96,120,132,255
108,138,148,255
112,140,153,255
101,125,141,255
104,122,140,255
70,81,97,255
18,24,34,255
21,24,27,255
27,29,29,255
28,32,32,255
26,29,26,255
34,33,27,255
41,38,31,255
36,35,29,255
24,28,27,255
28,38,41,255
44,56,64,255
50,44,42,255
42,42,42,255
59,66,70,255
102,117,126,255
128,149,158,255
122,144,154,255
112,133,142,255
112,133,140,255
93,123,145,255
74,104,126,255
64,92,115,255
74,101,124,255
90,114,138,255
92,116,140,255
84,106,131,255
78,100,125,255
57,76,105,255
67,86,115,255
79,98,127,255
86,105,134,255
85,104,133,255
78,97,126,255
71,90,119,255
67,86,115,255
50,70,109,255
43,63,102,255
39,56,96,255
39,54,95,255
44,58,99,255
48,59,101,255
48,57,100,255
46,55,98,255
43,54,68,255
27,38,54,255
26,39,59,255
32,46,69,255
30,46,75,255
41,56,91,255
47,63,100,255
36,52,90,255
39,54,89,255
46,60,99,255
57,70,118,255
64,75,132,255
60,71,131,255
56,67,127,255
63,74,131,255
75,87,141,255
73,102,158,255
80,109,165,255
77,104,159,255
80,105,158,255
90,114,166,255
82,104,155,255
74,97,145,255
87,107,156,255
96,114,164,255
86,104,152,255
85,101,148,255
99,114,157,255
135,141,129,255
95,105,118,255
72,87,128,255
66,90,138,255
64,96,129,255
80,115,131,255
100,134,147,255
102,133,150,255
85,119,142,255
87,116,142,255
82,108,135,255
104,126,153,255
77,94,116,255
19,30,44,255
17,27,32,255
28,36,35,255
21,25,25,255
26,29,26,255
38,37,31,255
45,42,35,255
39,38,32,255
30,34,33,255
38,48,51,255
54,66,74,255
53,43,40,255
22,16,16,255
19,21,24,255
62,71,80,255
99,115,127,255
98,119,136,255
84,107,127,255
79,103,125,255
77,113,153,255
71,105,146,255
68,99,139,255
66,94,130,255
62,87,122,255
63,84,117,255
77,96,127,255
94,111,141,255
87,105,141,255
93,111,147,255
99,117,153,255
96,114,150,255
84,102,138,255
67,85,121,255
52,70,106,255
43,61,97,255
47,66,110,255
49,68,112,255
58,74,119,255
67,82,127,255
71,84,130,255
64,74,121,255
46,55,102,255
32,41,88,255
41,53,77,255
25,37,63,255
25,38,68,255
35,47,81,255
38,52,91,255
52,67,110,255
60,76,123,255
49,65,113,255
58,76,126,255
63,80,135,255
70,86,147,255
73,88,155,255
72,87,158,255
71,86,155,255
75,91,156,255
81,97,160,255
72,104,157,255
73,105,158,255
70,99,151,255
82,110,161,255
100,126,175,255
93,117,165,255
84,107,155,255
96,119,165,255
84,103,149,255
75,94,140,255
75,92,134,255
87,103,141,255
129,138,129,255
90,100,114,255
66,80,121,255
62,82,129,255
59,87,121,255
71,106,126,255
86,121,141,255
84,118,144,255
74,109,143,255
74,104,140,255
74,100,137,255
106,129,161,255
84,102,128,255
22,36,51,255
16,27,32,255
23,34,32,255
17,21,21,255
26,29,26,255
39,38,32,255
44,41,34,255
39,38,32,255
33,37,36,255
39,49,52,255
53,65,73,255
29,22,18,255
30,24,22,255
33,31,32,255
39,42,49,255
42,52,65,255
46,64,82,255
60,82,107,255
74,100,127,255
68,100,151,255
63,93,143,255
56,85,131,255
47,72,116,255
33,54,95,255
23,40,78,255
27,43,78,255
39,54,89,255
94,111,151,255
86,103,143,255
73,90,130,255
59,76,116,255
51,68,108,255
52,69,109,255
60,77,117,255
68,85,125,255
57,76,122,255
51,70,116,255
48,64,111,255
48,62,110,255
51,64,112,255
54,64,113,255
53,61,111,255
50,58,108,255
47,57,104,255
34,44,91,255
39,52,100,255
52,64,114,255
56,70,121,255
70,85,140,255
76,93,149,255
65,82,138,255
68,88,137,255
64,83,137,255
59,77,137,255
57,74,140,255
61,78,144,255
64,81,146,255
62,80,140,255
57,76,131,255
73,104,147,255
77,108,151,255
75,104,147,255
86,113,154,255
105,131,170,255
98,122,160,255
85,107,145,255
89,111,147,255
91,109,145,255
88,104,139,255
88,103,134,255
91,107,136,255
132,142,127,255
98,107,116,255
83,93,130,255
84,99,144,255
81,103,138,255
85,113,139,255
86,117,149,255
74,105,145,255
83,114,157,255
81,110,154,255
78,102,144,255
107,127,164,255
89,105,132,255
34,45,59,255
27,37,40,255
30,39,32,255
20,24,24,255
28,31,28,255
38,37,31,255
38,35,28,255
32,31,25,255
27,31,30,255
28,38,41,255
34,46,54,255
37,37,33,255
40,38,35,255
34,32,31,255
24,24,24,255
23,28,35,255
38,49,63,255
52,71,92,255
57,79,106,255
58,78,129,255
44,64,113,255
35,53,101,255
38,57,101,255
40,57,97,255
30,46,84,255
16,30,68,255
7,22,57,255
32,49,89,255
31,48,88,255
30,47,87,255
31,48,88,255
38,55,95,255
52,69,109,255
71,88,128,255
83,100,140,255
62,81,125,255
56,75,119,255
49,65,110,255
42,57,102,255
38,51,97,255
40,50,97,255
43,52,99,255
46,55,102,255
57,65,126,255
47,58,116,255
57,68,125,255
66,79,133,255
63,78,129,255
69,87,135,255
76,96,143,255
66,87,132,255
75,95,132,255
69,89,128,255
59,78,124,255
55,73,123,255
61,79,129,255
68,87,133,255
63,83,124,255
51,71,108,255
79,106,135,255
92,119,148,255
87,113,140,255
84,108,134,255
96,118,143,255
93,113,136,255
74,94,117,255
70,89,110,255
50,63,83,255
50,63,81,255
56,67,81,255
62,72,85,255
71,81,56,255
44,50,50,255
39,45,73,255
56,63,103,255
67,82,117,255
82,103,134,255
90,115,157,255
82,107,160,255
76,102,151,255
74,98,146,255
64,85,130,255
86,102,140,255
74,86,112,255
34,43,54,255
37,44,42,255
39,44,34,255
24,28,28,255
29,32,29,255
35,34,28,255
33,30,23,255
28,27,21,255
23,27,26,255
19,29,32,255
18,30,38,255
46,54,52,255
34,38,35,255
21,22,15,255
21,20,14,255
35,35,33,255
45,50,57,255
43,54,68,255
33,50,71,255
47,54,97,255
36,43,84,255
29,39,79,255
39,49,88,255
48,60,98,255
46,61,96,255
41,57,92,255
40,56,91,255
47,64,102,255
51,68,106,255
55,72,110,255
57,74,112,255
57,74,112,255
58,75,113,255
62,79,117,255
65,82,120,255
48,68,109,255
53,73,114,255
58,75,117,255
54,69,112,255
45,58,102,255
39,50,94,255
39,48,93,255
40,49,94,255
56,67,124,255
51,63,117,255
59,73,121,255
62,79,119,255
49,70,101,255
52,76,100,255
60,87,106,255
54,82,97,255
63,82,100,255
66,85,105,255
65,83,109,255
62,80,108,255
68,86,114,255
77,95,119,255
73,92,110,255
62,82,95,255
70,94,108,255
93,117,129,255
89,111,123,255
71,91,102,255
79,98,108,255
88,105,113,255
75,92,98,255
64,79,86,255
89,97,98,255
88,96,97,255
96,103,101,255
112,117,111,255
91,100,67,255
54,59,53,255
34,37,60,255
37,39,76,255
38,46,81,255
48,64,99,255
56,76,123,255
47,69,130,255
48,70,123,255
47,67,118,255
33,49,96,255
50,62,100,255
44,54,78,255
20,26,36,255
32,37,31,255
34,38,25,255
24,28,28,255
29,32,29,255
32,31,25,255
31,28,21,255
29,28,22,255
26,30,29,255
20,30,33,255
15,27,35,255
23,37,34,255
22,33,28,255
31,35,25,255
39,37,28,255
32,29,24,255
19,21,22,255
22,31,40,255
37,51,64,255
42,40,76,255
38,38,74,255
36,38,73,255
30,37,70,255
23,34,68,255
27,39,73,255
47,64,96,255
72,89,121,255
51,69,105,255
48,66,102,255
44,62,98,255
41,59,95,255
43,61,97,255
54,72,108,255
70,88,124,255
81,99,135,255
29,49,86,255
36,56,93,255
43,60,98,255
41,57,95,255
37,51,90,255
42,53,93,255
56,66,106,255
69,79,119,255
50,63,109,255
44,59,100,255
52,70,104,255
51,71,94,255
34,58,70,255
36,64,64,255
48,80,71,255
47,80,67,255
29,49,52,255
43,63,68,255
53,72,82,255
54,72,86,255
58,77,88,255
67,86,94,255
66,86,88,255
59,80,75,255
52,74,76,255
85,105,108,255
79,99,101,255
56,74,74,255
68,85,83,255
90,104,101,255
87,99,97,255
75,88,84,255
104,108,98,255
98,102,92,255
102,104,91,255
119,119,105,255
99,108,91,255
61,69,60,255
41,48,55,255
37,44,66,255
27,34,66,255
27,35,68,255
40,48,81,255
40,51,82,255
29,43,66,255
34,45,63,255
35,41,51,255
35,37,40,255
39,39,37,255
42,45,40,255
36,43,39,255
28,37,32,255
28,28,24,255
29,29,25,255
29,29,25,255
27,27,23,255
25,25,21,255
26,26,22,255
30,30,26,255
34,34,30,255
25,30,24,255
26,31,25,255
27,32,26,255
28,33,27,255
30,35,29,255
31,36,30,255
33,38,32,255
33,38,32,255
24,29,49,255
33,37,60,255
35,39,62,255
27,31,56,255
24,28,54,255
34,37,66,255
50,53,84,255
58,61,92,255
71,94,113,255
70,93,112,255
70,93,113,255
57,77,102,255
60,78,106,255
46,63,93,255
37,52,85,255
96,111,144,255
58,76,102,255
76,95,124,255
79,97,131,255
60,81,116,255
77,100,132,255
35,61,87,255
59,88,106,255
59,89,103,255
62,69,89,255
69,76,96,255
72,83,101,255
66,79,97,255
55,73,89,255
48,69,86,255
49,73,89,255
53,78,94,255
92,103,108,255
82,93,99,255
74,85,91,255
68,79,87,255
61,71,82,255
55,65,78,255
58,68,82,255
66,76,90,255
46,65,73,255
75,94,102,255
98,115,121,255
95,113,115,255
88,104,105,255
94,108,105,255
101,114,110,255
102,115,109,255
73,82,89,255
79,86,93,255
92,97,104,255
104,110,114,255
85,93,82,255
52,59,57,255
41,47,57,255
46,53,73,255
40,48,75,255
37,46,75,255
41,50,77,255
34,46,70,255
32,46,69,255
36,47,65,255
37,43,53,255
36,38,41,255
39,39,37,255
42,45,40,255
36,43,39,255
28,37,32,255
27,27,23,255
28,28,24,255
29,29,25,255
27,27,23,255
24,24,20,255
25,25,21,255
28,28,24,255
32,32,28,255
26,31,25,255
26,31,25,255
27,32,26,255
28,33,27,255
30,35,29,255
31,36,30,255
32,37,31,255
33,38,32,255
35,55,68,255
36,56,71,255
31,50,68,255
26,45,63,255
31,50,70,255
41,60,81,255
46,64,88,255
44,62,86,255
65,85,106,255
56,76,97,255
54,74,95,255
50,68,92,255
69,87,111,255
70,86,113,255
58,74,101,255
103,119,146,255
63,80,101,255
82,100,124,255
80,98,126,255
64,83,114,255
85,106,139,255
52,75,103,255
62,89,112,255
44,71,90,255
64,74,95,255
60,70,91,255
52,65,85,255
44,59,76,255
45,60,77,255
56,74,88,255
76,96,109,255
92,112,123,255
63,77,89,255
72,86,98,255
87,101,114,255
95,109,124,255
85,98,116,255
68,81,99,255
61,74,94,255
64,77,99,255
61,83,93,255
85,107,116,255
84,105,112,255
61,81,86,255
70,87,91,255
102,118,121,255
98,111,113,255
62,76,75,255
75,86,94,255
69,80,86,255
70,79,86,255
82,89,95,255
75,81,81,255
41,47,51,255
30,36,48,255
40,48,65,255
39,48,69,255
38,48,71,255
41,51,72,255
32,45,63,255
36,50,73,255
40,51,69,255
39,45,55,255
37,39,42,255
39,39,37,255
42,45,40,255
36,43,39,255
28,37,32,255
31,31,27,255
32,32,28,255
33,33,29,255
31,31,27,255
28,28,24,255
28,28,24,255
31,31,27,255
34,34,30,255
26,31,25,255
27,32,26,255
28,33,27,255
29,34,28,255
30,35,29,255
31,36,30,255
32,37,31,255
32,37,31,255
26,55,63,255
23,52,62,255
19,48,58,255
24,52,65,255
42,70,85,255
59,87,104,255
58,85,104,255
47,74,93,255
48,64,89,255
30,46,71,255
28,45,67,255
24,41,62,255
44,61,82,255
49,67,85,255
30,48,64,255
55,73,89,255
57,73,84,255
78,93,108,255
61,78,100,255
46,64,92,255
74,93,124,255
62,83,114,255
67,90,118,255
37,61,85,255
43,59,84,255
40,57,79,255
39,53,75,255
35,50,67,255
36,50,63,255
40,52,64,255
45,57,67,255
49,60,68,255
39,57,75,255
48,66,84,255
63,80,101,255
69,86,108,255
61,77,102,255
52,68,95,255
58,74,103,255
72,88,117,255
61,87,100,255
92,116,130,255
101,125,137,255
80,102,112,255
66,87,96,255
76,95,103,255
81,98,106,255
71,88,94,255
73,90,96,255
58,75,81,255
50,65,70,255
59,72,76,255
78,83,90,255
38,43,51,255
21,27,39,255
26,34,48,255
27,37,51,255
33,44,58,255
41,52,66,255
36,50,63,255
40,54,77,255
43,54,72,255
41,47,57,255
38,40,43,255
39,39,37,255
41,44,39,255
36,43,39,255
28,37,32,255
37,37,33,255
39,39,35,255
40,40,36,255
38,38,34,255
35,35,31,255
34,34,30,255
36,36,32,255
38,38,34,255
27,32,26,255
27,32,26,255
28,33,27,255
29,34,28,255
30,35,29,255
30,35,29,255
31,36,30,255
31,36,30,255
24,43,51,255
22,41,51,255
22,41,51,255
30,49,60,255
50,68,82,255
66,84,100,255
62,80,98,255
50,68,86,255
57,65,89,255
48,56,80,255
57,67,88,255
47,60,78,255
50,64,79,255
53,69,80,255
35,51,62,255
50,67,75,255
35,48,50,255
61,76,83,255
36,50,65,255
22,36,61,255
46,61,92,255
59,76,108,255
69,88,117,255
44,63,91,255
55,75,98,255
54,73,94,255
54,72,90,255
55,69,84,255
52,64,76,255
45,54,63,255
37,42,50,255
29,34,41,255
28,46,70,255
30,48,72,255
36,54,80,255
42,60,88,255
42,59,89,255
43,60,92,255
57,74,106,255
73,89,124,255
50,78,93,255
57,82,98,255
76,101,117,255
89,113,129,255
66,87,102,255
33,53,68,255
39,57,73,255
69,87,103,255
86,107,114,255
75,94,102,255
68,88,93,255
76,93,97,255
85,90,98,255
47,52,60,255
32,39,46,255
37,46,53,255
36,47,55,255
39,51,63,255
46,57,71,255
41,55,70,255
44,58,81,255
46,57,75,255
43,49,59,255
37,39,42,255
37,37,35,255
39,42,37,255
34,41,37,255
26,35,30,255
37,37,33,255
40,40,36,255
41,41,37,255
40,40,36,255
37,37,33,255
35,35,31,255
35,35,31,255
37,37,33,255
28,33,27,255
28,33,27,255
29,34,28,255
29,34,28,255
29,34,28,255
30,35,29,255
30,35,29,255
30,35,29,255
40,40,50,255
44,44,56,255
45,45,57,255
46,46,60,255
51,50,67,255
56,55,73,255
51,50,70,255
41,40,60,255
45,49,65,255
54,58,74,255
88,94,108,255
77,85,99,255
60,72,82,255
67,82,89,255
65,82,88,255
81,98,104,255
16,27,25,255
54,65,70,255
33,43,57,255
27,37,60,255
37,49,77,255
53,66,96,255
60,76,103,255
43,59,84,255
52,71,89,255
47,65,83,255
43,58,75,255
43,54,68,255
46,56,69,255
52,58,68,255
58,60,69,255
59,62,69,255
29,46,68,255
28,45,67,255
36,52,77,255
50,66,93,255
59,75,104,255
59,74,105,255
58,73,104,255
61,76,109,255
82,107,123,255
55,79,95,255
49,73,89,255
70,91,108,255
72,91,111,255
50,67,88,255
43,57,79,255
56,70,92,255
64,85,94,255
62,81,91,255
65,84,92,255
74,91,97,255
83,89,93,255
56,62,64,255
53,61,62,255
63,73,74,255
57,68,73,255
51,63,75,255
52,63,81,255
43,55,79,255
47,61,84,255
48,59,77,255
43,49,59,255
36,38,41,255
35,35,33,255
36,39,34,255
31,38,34,255
23,32,27,255
32,32,28,255
35,35,31,255
37,37,33,255
36,36,32,255
32,32,28,255
30,30,26,255
29,29,25,255
30,30,26,255
29,34,28,255
29,34,28,255
29,34,28,255
29,34,28,255
29,34,28,255
29,34,28,255
29,34,28,255
29,34,28,255
40,30,42,255
49,39,51,255
54,44,57,255
51,41,56,255
50,39,57,255
52,41,59,255
50,39,59,255
45,34,54,255
38,35,40,255
50,49,53,255
91,94,99,255
74,79,86,255
44,53,60,255
60,72,80,255
71,86,95,255
83,100,108,255
17,25,26,255
63,70,77,255
44,52,66,255
51,58,80,255
44,52,77,255
49,59,82,255
41,54,74,255
30,43,61,255
24,39,48,255
30,42,52,255
35,47,57,255
42,52,63,255
47,56,67,255
52,58,72,255
54,60,74,255
55,61,75,255
50,61,75,255
37,48,64,255
28,39,55,255
34,45,63,255
43,53,74,255
48,58,81,255
53,63,87,255
57,67,91,255
83,103,114,255
80,100,113,255
64,82,96,255
43,58,75,255
41,54,74,255
56,66,89,255
60,70,93,255
54,62,87,255
70,86,98,255
73,89,101,255
83,97,109,255
93,105,115,255
73,80,78,255
52,59,55,255
55,64,57,255
65,76,71,255
54,66,68,255
46,57,71,255
50,60,84,255
46,57,89,255
48,62,85,255
48,59,77,255
42,48,58,255
34,36,39,255
32,32,30,255
33,36,31,255
28,35,31,255
20,29,24,255
30,30,26,255
33,33,29,255
36,36,32,255
34,34,30,255
31,31,27,255
27,27,23,255
26,26,22,255
27,27,23,255
30,35,29,255
30,35,29,255
29,34,28,255
29,34,28,255
29,34,28,255
29,34,28,255
29,34,28,255
29,34,28,255
27,26,30,255
35,33,40,255
40,38,45,255
39,37,46,255
41,39,49,255
45,42,55,255
45,42,57,255
40,37,52,255
66,61,53,255
62,59,52,255
91,91,87,255
66,70,70,255
38,45,51,255
66,76,87,255
80,94,107,255
80,95,110,255
37,39,48,255
69,73,86,255
40,44,60,255
54,59,79,255
36,43,63,255
35,44,61,255
23,35,45,255
23,35,43,255
38,44,44,255
48,54,56,255
60,67,73,255
65,71,81,255
61,69,83,255
55,64,81,255
51,62,80,255
51,61,82,255
70,77,83,255
50,57,63,255
30,37,44,255
21,28,35,255
21,27,37,255
28,34,46,255
42,48,62,255
57,63,77,255
41,56,63,255
58,70,80,255
50,62,74,255
21,31,45,255
11,19,36,255
30,35,55,255
43,45,71,255
39,41,67,255
28,37,54,255
25,35,49,255
30,38,53,255
42,48,62,255
65,73,64,255
43,51,40,255
41,51,39,255
45,57,47,255
33,45,45,255
30,41,55,255
44,53,84,255
49,59,98,255
48,62,85,255
48,59,77,255
42,48,58,255
33,35,38,255
31,31,29,255
31,34,29,255
26,33,29,255
18,27,22,255
32,32,28,255
35,35,31,255
38,38,34,255
37,37,33,255
32,32,28,255
29,29,25,255
27,27,23,255
27,27,23,255
30,35,29,255
30,35,29,255
30,35,29,255
29,34,28,255
29,34,28,255
29,34,28,255
28,33,27,255
28,33,27,255
28,40,38,255
30,42,42,255
29,41,43,255
24,36,38,255
26,37,42,255
28,39,45,255
23,34,42,255
13,24,32,255
68,63,45,255
48,44,29,255
64,62,53,255
38,41,38,255
22,27,34,255
64,74,87,255
81,94,112,255
71,85,107,255
53,53,67,255
69,70,86,255
21,21,41,255
35,38,59,255
16,21,39,255
20,29,40,255
14,25,30,255
25,37,37,255
52,53,46,255
52,52,50,255
45,49,49,255
34,41,48,255
26,34,48,255
29,40,58,255
42,56,79,255
57,71,96,255
74,77,74,255
68,70,70,255
63,65,66,255
59,61,62,255
50,52,55,255
41,42,48,255
42,43,51,255
51,52,60,255
57,68,73,255
36,45,52,255
24,33,42,255
39,45,57,255
59,63,79,255
62,62,82,255
49,47,72,255
37,35,60,255
47,55,72,255
38,43,61,255
36,40,56,255
46,50,65,255
72,80,79,255
59,66,72,255
55,61,75,255
63,68,86,255
59,64,82,255
46,52,64,255
48,55,61,255
62,70,69,255
85,88,95,255
72,75,80,255
54,57,60,255
39,43,42,255
30,35,29,255
26,31,21,255
23,29,17,255
21,27,13,255
27,31,30,255
33,37,36,255
33,37,36,255
28,32,31,255
30,34,33,255
38,42,41,255
35,39,38,255
25,29,28,255
36,41,35,255
29,34,28,255
26,31,25,255
28,33,27,255
25,30,24,255
20,25,19,255
29,34,28,255
44,49,43,255
37,45,46,255
25,33,34,255
21,29,30,255
31,39,40,255
42,50,51,255
41,49,50,255
35,43,44,255
31,39,40,255
18,28,33,255
32,42,47,255
44,54,59,255
42,52,57,255
29,39,44,255
22,32,37,255
27,37,42,255
36,46,51,255
61,57,57,255
36,32,34,255
34,31,36,255
51,47,57,255
55,52,67,255
27,26,44,255
20,20,42,255
30,30,54,255
28,24,35,255
26,23,36,255
25,27,38,255
22,31,42,255
13,25,37,255
9,25,37,255
25,45,58,255
49,71,83,255
60,68,85,255
55,63,77,255
51,61,66,255
72,83,81,255
95,106,104,255
77,87,92,255
47,55,69,255
44,52,69,255
25,39,52,255
28,42,57,255
42,55,73,255
58,71,93,255
58,70,94,255
51,63,91,255
59,70,101,255
77,88,119,255
91,99,134,255
73,80,113,255
65,70,104,255
69,74,107,255
63,70,74,255
49,56,63,255
45,51,65,255
52,57,73,255
51,57,71,255
43,50,57,255
49,57,55,255
64,73,66,255
64,68,68,255
58,62,61,255
47,51,50,255
39,43,40,255
33,38,32,255
31,36,30,255
30,35,27,255
30,35,27,255
24,28,27,255
30,34,33,255
31,35,34,255
24,28,27,255
24,28,27,255
29,33,32,255
29,33,32,255
23,27,26,255
39,44,38,255
33,38,32,255
31,36,30,255
33,38,32,255
29,34,28,255
24,29,23,255
31,36,30,255
43,48,42,255
29,37,38,255
20,28,29,255
18,26,27,255
27,35,36,255
34,42,43,255
33,41,42,255
30,38,39,255
29,37,38,255
51,61,66,255
44,54,59,255
43,53,58,255
56,66,71,255
74,84,89,255
79,89,94,255
65,75,80,255
49,59,64,255
49,46,43,255
49,46,43,255
51,49,50,255
53,50,55,255
48,46,56,255
34,34,48,255
27,28,44,255
26,27,44,255
28,26,36,255
25,25,35,255
31,33,44,255
40,46,58,255
43,55,67,255
43,59,71,255
53,72,83,255
67,87,100,255
66,75,96,255
50,60,74,255
30,41,49,255
47,59,61,255
90,102,104,255
100,111,119,255
83,93,107,255
78,87,108,255
23,35,43,255
90,102,110,255
103,115,123,255
50,62,70,255
36,48,56,255
80,92,100,255
85,97,107,255
43,55,65,255
26,33,63,255
34,42,69,255
65,71,97,255
106,110,136,255
53,57,70,255
40,44,57,255
34,38,51,255
40,45,55,255
43,48,55,255
42,49,47,255
51,59,47,255
66,75,58,255
49,54,44,255
47,52,42,255
43,48,40,255
37,42,36,255
31,36,30,255
28,32,29,255
28,32,31,255
30,34,33,255
24,28,27,255
31,35,34,255
33,37,36,255
25,29,28,255
20,24,23,255
22,26,25,255
25,29,28,255
26,30,29,255
35,40,34,255
31,36,30,255
29,34,28,255
30,35,29,255
27,32,26,255
22,27,21,255
26,31,25,255
33,38,32,255
24,30,30,255
20,26,26,255
21,27,27,255
28,34,34,255
30,36,36,255
27,33,33,255
28,34,34,255
33,39,39,255
41,51,56,255
28,38,43,255
24,34,39,255
42,52,57,255
68,78,83,255
75,85,90,255
55,65,70,255
30,40,45,255
41,39,30,255
61,58,51,255
65,63,60,255
58,56,55,255
42,41,43,255
46,47,53,255
38,41,48,255
30,32,41,255
40,38,47,255
30,30,40,255
26,28,37,255
32,38,48,255
38,48,59,255
41,53,65,255
41,57,69,255
44,63,74,255
48,61,83,255
53,66,84,255
44,58,71,255
48,63,72,255
75,90,99,255
79,93,106,255
58,71,89,255
45,58,80,255
15,28,33,255
57,70,74,255
75,88,90,255
53,67,64,255
39,54,47,255
54,69,60,255
62,78,64,255
51,67,53,255
39,47,64,255
39,47,64,255
56,61,77,255
79,85,99,255
57,58,74,255
45,46,62,255
37,39,50,255
41,44,49,255
47,51,48,255
51,57,45,255
61,68,48,255
73,81,56,255
60,67,48,255
59,65,49,255
53,59,45,255
43,48,38,255
32,37,31,255
26,30,29,255
26,30,30,255
28,31,34,255
28,32,31,255
35,39,38,255
37,41,40,255
31,35,34,255
22,26,25,255
20,24,23,255
26,30,29,255
32,36,35,255
32,37,31,255
30,35,29,255
28,33,27,255
27,32,26,255
25,30,24,255
23,28,22,255
23,28,22,255
25,30,24,255
25,29,29,255
24,28,28,255
28,32,32,255
33,37,37,255
31,35,35,255
27,31,31,255
32,36,36,255
42,46,46,255
25,35,40,255
25,35,40,255
28,38,43,255
32,42,47,255
34,44,49,255
31,41,46,255
23,33,38,255
17,27,32,255
53,51,40,255
70,68,59,255
65,64,56,255
70,69,63,255
52,52,48,255
64,67,64,255
54,58,57,255
53,57,57,255
65,66,72,255
54,55,63,255
43,46,53,255
38,43,51,255
38,47,56,255
41,51,62,255
43,55,67,255
44,56,68,255
18,32,54,255
54,69,88,255
63,78,97,255
49,64,81,255
45,60,77,255
40,55,74,255
32,47,66,255
35,49,71,255
42,51,70,255
34,43,60,255
47,57,68,255
68,79,84,255
56,69,65,255
26,40,29,255
26,41,26,255
53,68,49,255
57,66,73,255
50,57,63,255
47,54,60,255
53,59,63,255
60,60,74,255
50,50,60,255
43,45,48,255
46,49,44,255
52,56,43,255
58,63,44,255
65,71,47,255
71,77,51,255
76,83,63,255
71,78,59,255
62,68,52,255
50,56,44,255
39,44,36,255
33,37,34,255
31,35,34,255
32,36,36,255
29,33,32,255
34,38,37,255
37,41,40,255
34,38,37,255
25,29,28,255
20,24,23,255
25,29,28,255
33,37,36,255
33,38,32,255
32,37,31,255
30,35,29,255
26,31,25,255
26,31,25,255
27,32,26,255
26,31,25,255
24,29,23,255
25,27,27,255
26,28,28,255
30,32,32,255
34,36,36,255
31,33,33,255
28,30,30,255
35,37,37,255
47,49,49,255
50,60,65,255
53,63,68,255
53,63,68,255
47,57,62,255
37,47,52,255
32,42,47,255
33,43,48,255
37,47,52,255
65,63,54,255
64,62,53,255
46,45,37,255
75,74,66,255
59,60,53,255
74,77,70,255
58,63,57,255
71,76,70,255
52,54,57,255
53,56,61,255
54,57,62,255
53,58,65,255
56,61,69,255
58,64,74,255
58,64,76,255
54,63,74,255
17,30,48,255
46,59,79,255
46,59,79,255
26,39,61,255
26,39,61,255
39,52,72,255
56,69,89,255
77,90,108,255
73,78,114,255
86,91,124,255
82,88,114,255
61,68,88,255
49,58,67,255
48,58,61,255
34,45,42,255
12,24,16,255
39,47,46,255
42,48,48,255
49,56,54,255
61,65,62,255
50,48,57,255
44,43,45,255
40,41,34,255
44,46,31,255
51,54,33,255
58,61,38,255
59,62,39,255
59,62,41,255
68,74,58,255
62,68,54,255
53,59,45,255
47,53,41,255
44,49,39,255
40,45,35,255
36,41,33,255
32,37,29,255
27,31,30,255
28,32,31,255
32,36,35,255
34,38,37,255
28,32,31,255
21,25,24,255
22,26,25,255
29,33,32,255
28,33,27,255
28,33,27,255
23,28,22,255
17,22,16,255
19,24,18,255
24,29,23,255
24,29,23,255
19,24,18,255
27,27,25,255
26,26,24,255
29,29,27,255
33,33,31,255
32,32,30,255
30,30,28,255
38,38,36,255
49,49,47,255
63,73,78,255
55,65,70,255
46,56,61,255
44,54,59,255
47,57,62,255
49,59,64,255
48,58,63,255
45,55,60,255
50,47,42,255
46,43,38,255
21,20,14,255
64,63,57,255
44,45,38,255
65,68,61,255
43,48,42,255
61,66,58,255
49,52,55,255
62,65,68,255
76,79,84,255
83,86,91,255
86,89,96,255
82,84,93,255
70,72,83,255
56,58,69,255
50,59,70,255
53,61,76,255
37,44,64,255
27,34,58,255
42,49,73,255
49,56,76,255
45,53,68,255
49,58,69,255
43,44,84,255
62,64,99,255
57,60,91,255
34,38,61,255
36,41,57,255
55,62,69,255
45,52,56,255
12,20,19,255
40,47,43,255
46,50,47,255
53,58,52,255
60,63,56,255
49,49,47,255
48,49,40,255
49,51,34,255
55,58,35,255
66,70,44,255
72,75,52,255
68,71,52,255
62,64,49,255
62,67,57,255
57,62,52,255
54,59,49,255
57,63,51,255
63,69,55,255
60,66,50,255
48,54,38,255
37,43,27,255
28,32,31,255
25,29,28,255
29,33,32,255
38,42,41,255
37,41,40,255
28,32,31,255
24,28,27,255
28,32,31,255
30,35,29,255
30,35,29,255
23,28,22,255
15,20,14,255
18,23,17,255
29,34,28,255
30,35,29,255
24,29,23,255
33,33,29,255
29,29,25,255
29,29,25,255
35,35,31,255
36,36,32,255
36,36,32,255
42,42,38,255
52,52,48,255
46,56,61,255
41,51,56,255
36,46,51,255
38,48,53,255
44,54,59,255
48,58,63,255
48,58,63,255
45,55,60,255
32,28,30,255
51,47,49,255
30,28,29,255
65,63,62,255
33,33,31,255
68,71,68,255
40,45,39,255
47,52,46,255
77,81,81,255
84,88,88,255
89,92,95,255
94,97,102,255
101,102,110,255
100,100,110,255
82,80,90,255
58,55,68,255
74,77,82,255
66,68,79,255
46,47,64,255
44,44,68,255
56,56,80,255
43,44,61,255
21,23,34,255
20,23,28,255
18,21,42,255
12,15,34,255
16,20,35,255
29,34,44,255
39,45,49,255
41,47,47,255
43,50,46,255
48,55,49,255
56,60,57,255
60,64,61,255
66,69,64,255
74,75,68,255
68,67,59,255
71,71,57,255
76,78,55,255
85,88,59,255
97,100,71,255
103,105,82,255
97,97,83,255
86,85,77,255
75,79,76,255
71,76,70,255
72,77,69,255
82,88,76,255
92,98,82,255
88,95,75,255
69,76,54,255
50,58,33,255
33,37,36,255
27,31,30,255
31,35,34,255
43,47,46,255
46,50,49,255
36,40,39,255
29,33,32,255
30,34,33,255
45,50,44,255
45,50,44,255
36,41,35,255
27,32,26,255
31,36,30,255
44,49,43,255
47,52,46,255
40,45,39,255
42,40,37,255
35,33,30,255
34,32,29,255
40,38,35,255
44,42,39,255
45,43,40,255
50,48,45,255
58,56,53,255
38,48,53,255
49,59,64,255
58,68,73,255
57,67,72,255
50,60,65,255
48,58,63,255
56,66,71,255
65,75,80,255
33,28,34,255
79,74,80,255
64,61,66,255
86,83,86,255
43,43,43,255
89,91,91,255
58,62,59,255
53,57,54,255
55,62,60,255
51,55,55,255
42,45,48,255
43,45,48,255
59,60,66,255
73,71,80,255
59,57,67,255
36,32,43,255
74,73,75,255
64,62,71,255
45,42,59,255
40,36,57,255
45,41,62,255
38,35,52,255
44,42,51,255
74,73,75,255
48,54,54,255
51,57,57,255
52,59,57,255
49,56,50,255
47,55,44,255
49,57,45,255
52,61,46,255
53,62,45,255
72,76,73,255
82,85,82,255
90,93,88,255
96,97,90,255
